type_freq_dropped	filename	weighted	mean_ent_uncond	actual_ent	MI	difference	log_type_freq
1	2_pairwise_numbers/drop1_french_entropy_nonweighted_Rcalc.txt	0	4.55000342721341	0.704423868542866	3.84557955867055	-0.00219097681834801	0
2	2_pairwise_numbers/drop2_french_entropy_nonweighted_Rcalc.txt	0	4.5843816081443	0.681872604706984	3.90250900343732	0.020360287017534	0.693147180559945
4140	2_pairwise_numbers/drop3_french_entropy_nonweighted_Rcalc.txt	0	4.60931336247315	0.686534109623601	3.92277925284955	0.015698782100917	8.32845106681936
423	2_pairwise_numbers/drop4_french_entropy_nonweighted_Rcalc.txt	0	4.54676771670554	0.707659579050738	3.8391081376548	-0.00542668732621998	6.04737217904628
31	2_pairwise_numbers/drop5_french_entropy_nonweighted_Rcalc.txt	0	4.55458021670554	0.701491815892843	3.8530884008127	0.000741075831674931	3.43398720448515
23	2_pairwise_numbers/drop6_french_entropy_nonweighted_Rcalc.txt	0	4.61413549735937	0.690321623950266	3.92381387340911	0.011911267774252	3.13549421592915
33	2_pairwise_numbers/drop7_french_entropy_nonweighted_Rcalc.txt	0	4.54989271670554	0.704699052734948	3.84519366397059	-0.00246616101043007	3.49650756146648
63	2_pairwise_numbers/drop8_french_entropy_nonweighted_Rcalc.txt	0	4.54676771670554	0.707659579050738	3.8391081376548	-0.00542668732621998	4.14313472639153
196	2_pairwise_numbers/drop9_french_entropy_nonweighted_Rcalc.txt	0	4.55926771670554	0.699764842208632	3.85950287449691	0.00246804951588597	5.27811465923052
499	2_pairwise_numbers/drop10_french_entropy_nonweighted_Rcalc.txt	0	4.54676771670554	0.707659579050738	3.8391081376548	-0.00542668732621998	6.21260609575152
262	2_pairwise_numbers/drop11_french_entropy_nonweighted_Rcalc.txt	0	4.59791831021656	0.681624478866872	3.91629383134969	0.0206084128576459	5.5683445037611
83	2_pairwise_numbers/drop12_french_entropy_nonweighted_Rcalc.txt	0	4.60660583337692	0.691180970327424	3.9154248630495	0.011051921397094	4.4188406077966
53	2_pairwise_numbers/drop13_french_entropy_nonweighted_Rcalc.txt	0	4.61129112636754	0.691066949619995	3.92022417674755	0.0111659421045229	3.97029191355212
2	2_pairwise_numbers/drop14_french_entropy_nonweighted_Rcalc.txt	0	4.58613180134064	0.693835252079305	3.89229654926133	0.00839763964521301	0.693147180559945
332	2_pairwise_numbers/drop15_french_entropy_nonweighted_Rcalc.txt	0	4.60057341870588	0.688378483275658	3.91219493543022	0.01385440844886	5.80513496891649
1	2_pairwise_numbers/drop16_french_entropy_nonweighted_Rcalc.txt	0	4.58642358707922	0.693865456327533	3.89255813075169	0.00836743539698492	0
1	2_pairwise_numbers/drop17_french_entropy_nonweighted_Rcalc.txt	0	4.57825045233732	0.690288972714385	3.88796147962294	0.0119439190101329	0
30	2_pairwise_numbers/drop18_french_entropy_nonweighted_Rcalc.txt	0	4.55770521670554	0.700176026419159	3.85752919028638	0.00205686530535898	3.40119738166216
5	2_pairwise_numbers/drop19_french_entropy_nonweighted_Rcalc.txt	0	4.55942701127873	0.696814834770823	3.86261217650791	0.00541805695369502	1.6094379124341
12	2_pairwise_numbers/drop20_french_entropy_nonweighted_Rcalc.txt	0	4.59143211866498	0.695482856367923	3.89594926229706	0.00675003535659502	2.484906649788
4	2_pairwise_numbers/drop21_french_entropy_nonweighted_Rcalc.txt	0	4.59455711866498	0.69745654057845	3.89710057808653	0.004776351146068	1.38629436111989
10	2_pairwise_numbers/drop22_french_entropy_nonweighted_Rcalc.txt	0	4.54676771670554	0.707659579050738	3.8391081376548	-0.00542668732621998	2.30258509299405
3	2_pairwise_numbers/drop23_french_entropy_nonweighted_Rcalc.txt	0	4.54833021670554	0.706097079050738	3.8422331376548	-0.00386418732622007	1.09861228866811
4	2_pairwise_numbers/drop24_french_entropy_nonweighted_Rcalc.txt	0	4.60651243415688	0.672618940181719	3.93389349397516	0.029613951542799	1.38629436111989
2	2_pairwise_numbers/drop25_french_entropy_nonweighted_Rcalc.txt	0	4.58550564184321	0.685573537931065	3.89993210391215	0.016659353793453	0.693147180559945
3	2_pairwise_numbers/drop26_french_entropy_nonweighted_Rcalc.txt	0	4.56091754833219	0.694994258508216	3.86592328982398	0.00723863321630203	1.09861228866811
8	2_pairwise_numbers/drop27_french_entropy_nonweighted_Rcalc.txt	0	4.62084968646665	0.673675646377786	3.94717404008887	0.028557245346732	2.07944154167984
1	2_pairwise_numbers/drop28_french_entropy_nonweighted_Rcalc.txt	0	4.55458021670554	0.701491815892843	3.8530884008127	0.000741075831674931	0
3	2_pairwise_numbers/drop29_french_entropy_nonweighted_Rcalc.txt	0	4.58986961866498	0.694249303736344	3.89562031492863	0.007983587988174	1.09861228866811
2	2_pairwise_numbers/drop30_french_entropy_nonweighted_Rcalc.txt	0	4.61661358254968	0.68504408825599	3.93156949429369	0.017188803468528	0.693147180559945
7	2_pairwise_numbers/drop31_french_entropy_nonweighted_Rcalc.txt	0	4.58780604905857	0.68055782758005	3.90724822147852	0.021675064144468	1.94591014905531
4	2_pairwise_numbers/drop32_french_entropy_nonweighted_Rcalc.txt	0	4.60397603818029	0.690758868587559	3.91321716959273	0.011474023136959	1.38629436111989
4	2_pairwise_numbers/drop33_french_entropy_nonweighted_Rcalc.txt	0	4.6046580337907	0.690430465576264	3.91422756821444	0.011802426148254	1.38629436111989
1	2_pairwise_numbers/drop34_french_entropy_nonweighted_Rcalc.txt	0	4.5767578385507	0.688180584826904	3.88857725372379	0.0140523068976139	0
1	2_pairwise_numbers/drop35_french_entropy_nonweighted_Rcalc.txt	0	4.58611818511815	0.689869952731213	3.89624823238694	0.012362938993305	0
3	2_pairwise_numbers/drop36_french_entropy_nonweighted_Rcalc.txt	0	4.58299318511815	0.692830479047002	3.89016270607115	0.00940241267751596	1.09861228866811
4	2_pairwise_numbers/drop37_french_entropy_nonweighted_Rcalc.txt	0	4.54676771670554	0.707659579050738	3.8391081376548	-0.00542668732621998	1.38629436111989
1	2_pairwise_numbers/drop38_french_entropy_nonweighted_Rcalc.txt	0	4.55478698428874	0.700319971213141	3.8544670130756	0.00191292051137693	0
3	2_pairwise_numbers/drop39_french_entropy_nonweighted_Rcalc.txt	0	4.60161112753448	0.689120565614327	3.91249056192016	0.013112326110191	1.09861228866811
2	2_pairwise_numbers/drop40_french_entropy_nonweighted_Rcalc.txt	0	4.56849704289939	0.689513699120919	3.87898334377847	0.012719192603599	0.693147180559945
52	2_pairwise_numbers/drop41_french_entropy_nonweighted_Rcalc.txt	0	4.56737431591539	0.691256129907418	3.87611818600797	0.0109767618170999	3.95124371858143
11	2_pairwise_numbers/drop42_french_entropy_nonweighted_Rcalc.txt	0	4.56478228703832	0.693471433472312	3.87131085356601	0.00876145825220598	2.39789527279837
9	2_pairwise_numbers/drop43_french_entropy_nonweighted_Rcalc.txt	0	4.58986961866498	0.694249303736344	3.89562031492863	0.007983587988174	2.19722457733622
15	2_pairwise_numbers/drop44_french_entropy_nonweighted_Rcalc.txt	0	4.57540217997915	0.685483462086868	3.88991871789229	0.01674942963765	2.70805020110221
20	2_pairwise_numbers/drop45_french_entropy_nonweighted_Rcalc.txt	0	4.55926771670554	0.699764842208632	3.85950287449691	0.00246804951588597	2.99573227355399
8	2_pairwise_numbers/drop46_french_entropy_nonweighted_Rcalc.txt	0	4.55926771670554	0.699764842208632	3.85950287449691	0.00246804951588597	2.07944154167984
2	2_pairwise_numbers/drop47_french_entropy_nonweighted_Rcalc.txt	0	4.56091754833219	0.694994258508216	3.86592328982398	0.00723863321630203	0.693147180559945
11	2_pairwise_numbers/drop48_french_entropy_nonweighted_Rcalc.txt	0	4.56961318815555	0.688098584125997	3.88151460402955	0.014134307598521	2.39789527279837
4	2_pairwise_numbers/drop49_french_entropy_nonweighted_Rcalc.txt	0	4.57785933037431	0.684224176269345	3.89363515410496	0.018008715455173	1.38629436111989
12	2_pairwise_numbers/drop50_french_entropy_nonweighted_Rcalc.txt	0	4.59407408623537	0.686619927194776	3.9074541590406	0.0156129645297419	2.484906649788
2	2_pairwise_numbers/drop51_french_entropy_nonweighted_Rcalc.txt	0	4.58343837368383	0.692182480629854	3.89125589305397	0.010050411094664	0.693147180559945
4	2_pairwise_numbers/drop52_french_entropy_nonweighted_Rcalc.txt	0	4.57218104905857	0.689110459158997	3.88307058989957	0.0131224325655209	1.38629436111989
2	2_pairwise_numbers/drop53_french_entropy_nonweighted_Rcalc.txt	0	4.58243059240136	0.686265447067637	3.89616514533372	0.0159674446568809	0.693147180559945
2	2_pairwise_numbers/drop54_french_entropy_nonweighted_Rcalc.txt	0	4.61869197698577	0.690414957071767	3.928277019914	0.0118179346527509	0.693147180559945
3	2_pairwise_numbers/drop55_french_entropy_nonweighted_Rcalc.txt	0	4.61615673284683	0.69001143990367	3.92614529294316	0.012221451820848	1.09861228866811
3	2_pairwise_numbers/drop56_french_entropy_nonweighted_Rcalc.txt	0	4.595085780749	0.687073305076874	3.90801247567213	0.0151595866476439	1.09861228866811
3	2_pairwise_numbers/drop57_french_entropy_nonweighted_Rcalc.txt	0	4.56737431591539	0.691256129907418	3.87611818600797	0.0109767618170999	1.09861228866811
3	2_pairwise_numbers/drop58_french_entropy_nonweighted_Rcalc.txt	0	4.58986961866498	0.694249303736344	3.89562031492863	0.007983587988174	1.09861228866811
3	2_pairwise_numbers/drop59_french_entropy_nonweighted_Rcalc.txt	0	4.55437344912235	0.700854450046228	3.85351899907612	0.00137844167828993	1.09861228866811
4	2_pairwise_numbers/drop60_french_entropy_nonweighted_Rcalc.txt	0	4.57768538236856	0.683233256097754	3.89445212627081	0.018999635626764	1.38629436111989
7	2_pairwise_numbers/drop61_french_entropy_nonweighted_Rcalc.txt	0	4.60523037181735	0.690294046608701	3.91493632520865	0.011938845115817	1.94591014905531
2	2_pairwise_numbers/drop62_french_entropy_nonweighted_Rcalc.txt	0	4.57983771207489	0.684404480398615	3.89543323167627	0.017828411325903	0.693147180559945
11	2_pairwise_numbers/drop63_french_entropy_nonweighted_Rcalc.txt	0	4.60430406802292	0.683439181243323	3.92086488677959	0.0187937104811949	2.39789527279837
5	2_pairwise_numbers/drop64_french_entropy_nonweighted_Rcalc.txt	0	4.60953488353948	0.692844996444939	3.91668988709454	0.00938789527957895	1.6094379124341
24	2_pairwise_numbers/drop65_french_entropy_nonweighted_Rcalc.txt	0	4.60618846252374	0.692681862178609	3.91350660034513	0.00955102954590892	3.17805383034795
