type_freq_dropped	filename	weighted	mean_ent_uncond	actual_ent	MI	difference	log_type_freq
17	2_pairwise_numbers/drop1_palantla_chinantec_entropy_nonweighted_Rcalc.txt	0	2.3543295711262	1.33344382789852	1.02088574322768	-0.00373315333663982	2.83321334405622
1	2_pairwise_numbers/drop2_palantla_chinantec_entropy_nonweighted_Rcalc.txt	0	2.35451914483359	1.33104282826459	1.023476316569	-0.00133215370271	0
6	2_pairwise_numbers/drop3_palantla_chinantec_entropy_nonweighted_Rcalc.txt	0	2.35203623946304	1.33068373003841	1.02135250942462	-0.000973055476529927	1.79175946922805
1	2_pairwise_numbers/drop4_palantla_chinantec_entropy_nonweighted_Rcalc.txt	0	2.35021519398894	1.33171142165815	1.01850377233078	-0.00200074709626996	0
1	2_pairwise_numbers/drop5_palantla_chinantec_entropy_nonweighted_Rcalc.txt	0	2.35478017456638	1.33076931899026	1.02401085557612	-0.00105864442838	0
65	2_pairwise_numbers/drop6_palantla_chinantec_entropy_nonweighted_Rcalc.txt	0	2.35229726919583	1.3293477458399	1.02294952335593	0.000362928721980182	4.17438726989564
1	2_pairwise_numbers/drop7_palantla_chinantec_entropy_nonweighted_Rcalc.txt	0	2.35268646764948	1.3293174948286	1.02336897282088	0.000393179733280125	0
12	2_pairwise_numbers/drop8_palantla_chinantec_entropy_nonweighted_Rcalc.txt	0	2.35334717629639	1.33235246897616	1.02099470732023	-0.00264179441428003	2.484906649788
2	2_pairwise_numbers/drop9_palantla_chinantec_entropy_nonweighted_Rcalc.txt	0	2.35367735162246	1.33295497466243	1.02072237696003	-0.00324430010054999	0.693147180559945
8	2_pairwise_numbers/drop10_palantla_chinantec_entropy_nonweighted_Rcalc.txt	0	2.35185630614836	1.32949012864076	1.0223661775076	0.000220545921119975	2.07944154167984
1	2_pairwise_numbers/drop11_palantla_chinantec_entropy_nonweighted_Rcalc.txt	0	2.35158364470556	1.32785778879402	1.02372585591153	0.00185288576786014	0
1	2_pairwise_numbers/drop12_palantla_chinantec_entropy_nonweighted_Rcalc.txt	0	2.35235454065505	1.33057095897006	1.02178358168498	-0.000860284408179979	0
4	2_pairwise_numbers/drop13_palantla_chinantec_entropy_nonweighted_Rcalc.txt	0	2.3530164005515	1.33065484492454	1.02236155562696	-0.000944170362659813	1.38629436111989
3	2_pairwise_numbers/drop14_palantla_chinantec_entropy_nonweighted_Rcalc.txt	0	2.35053349518094	1.33043899199222	1.02009450318872	-0.000728317430339853	1.09861228866811
1	2_pairwise_numbers/drop15_palantla_chinantec_entropy_nonweighted_Rcalc.txt	0	2.3527437391087	1.33073603610036	1.02200770300833	-0.00102536153847987	0
6	2_pairwise_numbers/drop16_palantla_chinantec_entropy_nonweighted_Rcalc.txt	0	2.35418522652186	1.33155084526946	1.0226343812524	-0.00184017070757991	1.79175946922805
1	2_pairwise_numbers/drop17_palantla_chinantec_entropy_nonweighted_Rcalc.txt	0	2.3498812756772	1.32912040739945	1.02076086827776	0.000590267162430047	0
6	2_pairwise_numbers/drop18_palantla_chinantec_entropy_nonweighted_Rcalc.txt	0	2.35427229966698	1.331731071938	1.02254122772898	-0.00202039737611992	1.79175946922805
1	2_pairwise_numbers/drop19_palantla_chinantec_entropy_nonweighted_Rcalc.txt	0	2.35245125419288	1.32778978193683	1.02466147225605	0.00192089262505002	0
2	2_pairwise_numbers/drop20_palantla_chinantec_entropy_nonweighted_Rcalc.txt	0	2.34698575216562	1.32726255045295	1.01972320171267	0.00244812410893003	0.693147180559945
1	2_pairwise_numbers/drop21_palantla_chinantec_entropy_nonweighted_Rcalc.txt	0	2.34882129670309	1.32531805653867	1.02350324016442	0.00439261802321012	0
3	2_pairwise_numbers/drop22_palantla_chinantec_entropy_nonweighted_Rcalc.txt	0	2.35361717306996	1.331875179046	1.02174199402396	-0.00216450448411987	1.09861228866811
12	2_pairwise_numbers/drop23_palantla_chinantec_entropy_nonweighted_Rcalc.txt	0	2.3513238414068	1.3302850844314	1.02103875697539	-0.000574409869519954	2.484906649788
1	2_pairwise_numbers/drop24_palantla_chinantec_entropy_nonweighted_Rcalc.txt	0	2.35347282846562	1.33041535726213	1.0230574712035	-0.000704682700249926	0
1	2_pairwise_numbers/drop25_palantla_chinantec_entropy_nonweighted_Rcalc.txt	0	2.35135758838054	1.33070663253025	1.02065095585029	-0.000995957968369821	0
1	2_pairwise_numbers/drop26_palantla_chinantec_entropy_nonweighted_Rcalc.txt	0	2.34972611661383	1.32872505786392	1.02100105874991	0.000985616697960046	0
2	2_pairwise_numbers/drop27_palantla_chinantec_entropy_nonweighted_Rcalc.txt	0	2.34724321124328	1.32867109879181	1.01857211245147	0.00103957577007008	0.693147180559945
3	2_pairwise_numbers/drop28_palantla_chinantec_entropy_nonweighted_Rcalc.txt	0	2.34945345517103	1.32904296075881	1.02041049441222	0.00066771380307018	1.09861228866811
1	2_pairwise_numbers/drop29_palantla_chinantec_entropy_nonweighted_Rcalc.txt	0	2.33717466466143	1.31458242132026	1.02259224334117	0.0151282532416201	0
3	2_pairwise_numbers/drop30_palantla_chinantec_entropy_nonweighted_Rcalc.txt	0	2.35037519355073	1.3305447973778	1.01983039617293	-0.00083412281591988	1.09861228866811
71	2_pairwise_numbers/drop31_palantla_chinantec_entropy_nonweighted_Rcalc.txt	0	2.35130535842833	1.33092063430276	1.02038472412556	-0.0012099597408799	4.26267987704132
5	2_pairwise_numbers/drop32_palantla_chinantec_entropy_nonweighted_Rcalc.txt	0	2.34901202676516	1.33068556690676	1.01832645985841	-0.000974892344880018	1.6094379124341
5	2_pairwise_numbers/drop33_palantla_chinantec_entropy_nonweighted_Rcalc.txt	0	2.34967388666162	1.32989150472108	1.01978238194054	-0.000180830159199896	1.6094379124341
5	2_pairwise_numbers/drop34_palantla_chinantec_entropy_nonweighted_Rcalc.txt	0	2.34719098129106	1.33227361399352	1.01491736729754	-0.00256293943163999	1.6094379124341
1	2_pairwise_numbers/drop35_palantla_chinantec_entropy_nonweighted_Rcalc.txt	0	2.34940122521881	1.33080286512605	1.01859836009276	-0.00109219056416987	0
1	2_pairwise_numbers/drop36_palantla_chinantec_entropy_nonweighted_Rcalc.txt	0	2.34927305649795	1.32853463004427	1.02073842645368	0.00117604451761011	0
1	2_pairwise_numbers/drop37_palantla_chinantec_entropy_nonweighted_Rcalc.txt	0	2.35032296359851	1.33067948488558	1.01964347871293	-0.000968810323699998	0
2	2_pairwise_numbers/drop38_palantla_chinantec_entropy_nonweighted_Rcalc.txt	0	2.35065313892459	1.33083327412966	1.01981986479493	-0.00112259956777994	0.693147180559945
2	2_pairwise_numbers/drop39_palantla_chinantec_entropy_nonweighted_Rcalc.txt	0	2.34883209345049	1.32792878357501	1.02090330987547	0.00178189098687009	0.693147180559945
7	2_pairwise_numbers/drop40_palantla_chinantec_entropy_nonweighted_Rcalc.txt	0	2.34999218785362	1.32903447187846	1.02095771597517	0.000676202683420168	1.94591014905531
2	2_pairwise_numbers/drop41_palantla_chinantec_entropy_nonweighted_Rcalc.txt	0	2.34750928248307	1.3300718460561	1.01743743642697	-0.000361171494219992	0.693147180559945
2	2_pairwise_numbers/drop42_palantla_chinantec_entropy_nonweighted_Rcalc.txt	0	2.35116101382399	1.32977160981933	1.02138940400466	-6.09352574498789e-05	0.693147180559945
1	2_pairwise_numbers/drop43_palantla_chinantec_entropy_nonweighted_Rcalc.txt	0	2.33949210135292	1.3163053598814	1.02318674147152	0.01340531468048	0
1	2_pairwise_numbers/drop44_palantla_chinantec_entropy_nonweighted_Rcalc.txt	0	2.34834793312736	1.32718406401961	1.02116386910775	0.0025266105422701	0
11	2_pairwise_numbers/drop45_palantla_chinantec_entropy_nonweighted_Rcalc.txt	0	2.34791727769905	1.32786319541666	1.02005408228239	0.0018474791452201	2.39789527279837
2	2_pairwise_numbers/drop46_palantla_chinantec_entropy_nonweighted_Rcalc.txt	0	2.34609623222495	1.32982867640286	1.01626755582209	-0.000118001840979876	0.693147180559945
1	2_pairwise_numbers/drop47_palantla_chinantec_entropy_nonweighted_Rcalc.txt	0	2.3483064761527	1.32800320498984	1.02030327116286	0.00170746957204004	0
1	2_pairwise_numbers/drop48_palantla_chinantec_entropy_nonweighted_Rcalc.txt	0	2.35071848426161	1.32577607879726	1.02494240546435	0.00393459576462019	0
1	2_pairwise_numbers/drop49_palantla_chinantec_entropy_nonweighted_Rcalc.txt	0	2.34954637874376	1.32946530418336	1.0200810745604	0.000245370378520127	0
3	2_pairwise_numbers/drop50_palantla_chinantec_entropy_nonweighted_Rcalc.txt	0	2.34889415924002	1.32818241666312	1.0207117425769	0.0015282578987601	1.09861228866811
1	2_pairwise_numbers/drop51_palantla_chinantec_entropy_nonweighted_Rcalc.txt	0	2.32941732837389	1.32440795444467	1.00500937392921	0.00530272011721	0
1	2_pairwise_numbers/drop52_palantla_chinantec_entropy_nonweighted_Rcalc.txt	0	2.34876518159855	1.32412225076529	1.02464293083326	0.00558842379658997	0
1	2_pairwise_numbers/drop53_palantla_chinantec_entropy_nonweighted_Rcalc.txt	0	2.33772913541642	1.32384743762882	1.0138816977876	0.00586323693306001	0
1	2_pairwise_numbers/drop54_palantla_chinantec_entropy_nonweighted_Rcalc.txt	0	2.33583841080944	1.3266252672001	1.00921314360934	0.00308540736178009	0
37	2_pairwise_numbers/drop55_palantla_chinantec_entropy_nonweighted_Rcalc.txt	0	2.34457044116256	1.3281483555708	1.01642208559175	0.00156231899108006	3.61091791264422
48	2_pairwise_numbers/drop56_palantla_chinantec_entropy_nonweighted_Rcalc.txt	0	2.3439103084939	1.33181174980164	1.01209855869226	-0.00210107523975989	3.87120101090789
2	2_pairwise_numbers/drop57_palantla_chinantec_entropy_nonweighted_Rcalc.txt	0	2.34319791043766	1.32978083618915	1.01341707424851	-7.01616272700267e-05	0.693147180559945
1	2_pairwise_numbers/drop58_palantla_chinantec_entropy_nonweighted_Rcalc.txt	0	2.34961379466558	1.32850919449097	1.02110460017461	0.00120148007091014	0
1	2_pairwise_numbers/drop59_palantla_chinantec_entropy_nonweighted_Rcalc.txt	0	2.34080621874745	1.32420634181356	1.01659987693389	0.00550433274832018	0
1	2_pairwise_numbers/drop60_palantla_chinantec_entropy_nonweighted_Rcalc.txt	0	2.34809824359535	1.32834804970826	1.01975019388709	0.00136262485362004	0
17	2_pairwise_numbers/drop61_palantla_chinantec_entropy_nonweighted_Rcalc.txt	0	2.3415984584169	1.32644702583814	1.01515143257876	0.00326364872374008	2.83321334405622
13	2_pairwise_numbers/drop62_palantla_chinantec_entropy_nonweighted_Rcalc.txt	0	2.34093832574824	1.32558642286708	1.01535190288116	0.00412425169480013	2.56494935746154
2	2_pairwise_numbers/drop63_palantla_chinantec_entropy_nonweighted_Rcalc.txt	0	2.34075398879524	1.32640113928512	1.01435284951012	0.00330953527676003	0.693147180559945
9	2_pairwise_numbers/drop64_palantla_chinantec_entropy_nonweighted_Rcalc.txt	0	2.34154622846468	1.32466629933449	1.01687992913019	0.0050443752273901	2.19722457733622
80	2_pairwise_numbers/drop65_palantla_chinantec_entropy_nonweighted_Rcalc.txt	0	2.34088609579602	1.32291024167503	1.017975854121	0.00680043288685006	4.38202663467388
1	2_pairwise_numbers/drop66_palantla_chinantec_entropy_nonweighted_Rcalc.txt	0	2.33965923972913	1.32586437994977	1.01379485977936	0.00384629461211006	0
1	2_pairwise_numbers/drop67_palantla_chinantec_entropy_nonweighted_Rcalc.txt	0	2.33979134672991	1.32541003975573	1.01438130697418	0.00430063480615006	0
1	2_pairwise_numbers/drop68_palantla_chinantec_entropy_nonweighted_Rcalc.txt	0	2.35011979949313	1.33069017588363	1.01942962360949	-0.000979501321749954	0
2	2_pairwise_numbers/drop69_palantla_chinantec_entropy_nonweighted_Rcalc.txt	0	2.33418347598067	1.32451073385058	1.00967274213009	0.00519994071130014	0.693147180559945
2	2_pairwise_numbers/drop70_palantla_chinantec_entropy_nonweighted_Rcalc.txt	0	2.34159309402957	1.32833317772487	1.0132599163047	0.00137749683701016	0.693147180559945
5	2_pairwise_numbers/drop71_palantla_chinantec_entropy_nonweighted_Rcalc.txt	0	2.34133372415843	1.32488874850497	1.01644497565346	0.00482192605691001	1.6094379124341
20	2_pairwise_numbers/drop72_palantla_chinantec_entropy_nonweighted_Rcalc.txt	0	2.34067359148977	1.3291597744992	1.01151381699056	0.000550900062679993	2.99573227355399
28	2_pairwise_numbers/drop73_palantla_chinantec_entropy_nonweighted_Rcalc.txt	0	2.34697802639995	1.32790575842954	1.0190722679704	0.00180491613234013	3.3322045101752
1	2_pairwise_numbers/drop74_palantla_chinantec_entropy_nonweighted_Rcalc.txt	0	2.33585022898037	1.32133414927216	1.01451607970821	0.0083765252897201	0
11	2_pairwise_numbers/drop75_palantla_chinantec_entropy_nonweighted_Rcalc.txt	0	2.32804717660969	1.32329645700392	1.00475071960577	0.00641421755796001	2.39789527279837
19	2_pairwise_numbers/drop76_palantla_chinantec_entropy_nonweighted_Rcalc.txt	0	2.31406490868043	1.32487959700314	0.989185311677282	0.00483107755874013	2.94443897916644
17	2_pairwise_numbers/drop77_palantla_chinantec_entropy_nonweighted_Rcalc.txt	0	2.31739339892553	1.32603219409768	0.991361204827852	0.00367848046420005	2.83321334405622
2	2_pairwise_numbers/drop78_palantla_chinantec_entropy_nonweighted_Rcalc.txt	0	2.33864075961784	1.32413414658915	1.01450661302869	0.00557652797273001	0.693147180559945
14	2_pairwise_numbers/drop79_palantla_chinantec_entropy_nonweighted_Rcalc.txt	0	2.33484360864933	1.3217686501559	1.01307495849344	0.00794202440598002	2.63905732961526
7	2_pairwise_numbers/drop80_palantla_chinantec_entropy_nonweighted_Rcalc.txt	0	2.34245161655172	1.32101165911957	1.02143995743215	0.00869901544231011	1.94591014905531
11	2_pairwise_numbers/drop81_palantla_chinantec_entropy_nonweighted_Rcalc.txt	0	2.33260169380531	1.32517810302954	1.00742359077577	0.0045325715323401	2.39789527279837
9	2_pairwise_numbers/drop82_palantla_chinantec_entropy_nonweighted_Rcalc.txt	0	2.34991848705964	1.32854502052651	1.02137346653313	0.00116565403537017	2.19722457733622
1	2_pairwise_numbers/drop83_palantla_chinantec_entropy_nonweighted_Rcalc.txt	0	2.34539207721142	1.32160094439971	1.0237911328117	0.00810973016216998	0
4	2_pairwise_numbers/drop84_palantla_chinantec_entropy_nonweighted_Rcalc.txt	0	2.33411434976962	1.32207381142935	1.01204053834027	0.00763686313253009	1.38629436111989
6	2_pairwise_numbers/drop85_palantla_chinantec_entropy_nonweighted_Rcalc.txt	0	2.33465369174469	1.33175170793347	1.00290198381122	-0.0020410333715899	1.79175946922805
3	2_pairwise_numbers/drop86_palantla_chinantec_entropy_nonweighted_Rcalc.txt	0	2.33676140299151	1.31904773022404	1.01771367276747	0.0106629443378401	1.09861228866811
2	2_pairwise_numbers/drop87_palantla_chinantec_entropy_nonweighted_Rcalc.txt	0	2.33893072932754	1.32083437899726	1.01809635033028	0.00887629556462	0.693147180559945
56	2_pairwise_numbers/drop88_palantla_chinantec_entropy_nonweighted_Rcalc.txt	0	2.34513615338456	1.33374322525327	1.01139292813129	-0.00403255069138986	4.02535169073515
4	2_pairwise_numbers/drop89_palantla_chinantec_entropy_nonweighted_Rcalc.txt	0	2.3433344060849	1.33202230156419	1.01131210452071	-0.00231162700231002	1.38629436111989
9	2_pairwise_numbers/drop90_palantla_chinantec_entropy_nonweighted_Rcalc.txt	0	2.3421641706389	1.32788930231768	1.01427486832122	0.00182137224419998	2.19722457733622
33	2_pairwise_numbers/drop91_palantla_chinantec_entropy_nonweighted_Rcalc.txt	0	2.34211194068668	1.32560969650902	1.01650224417766	0.00410097805286003	3.49650756146648
29	2_pairwise_numbers/drop92_palantla_chinantec_entropy_nonweighted_Rcalc.txt	0	2.34101719162057	1.32904968112829	1.01196751049228	0.000660993433590162	3.36729582998647
1	2_pairwise_numbers/drop93_palantla_chinantec_entropy_nonweighted_Rcalc.txt	0	2.34267017546645	1.33236791155002	1.01030226391642	-0.00265723698813991	0
2	2_pairwise_numbers/drop94_palantla_chinantec_entropy_nonweighted_Rcalc.txt	0	2.33540932087134	1.32823365648794	1.0071756643834	0.00147701807394007	0.693147180559945
7	2_pairwise_numbers/drop95_palantla_chinantec_entropy_nonweighted_Rcalc.txt	0	2.34281893892023	1.33259378727235	1.01022515164788	-0.00288311271046982	1.94591014905531
8	2_pairwise_numbers/drop96_palantla_chinantec_entropy_nonweighted_Rcalc.txt	0	2.34189943638043	1.3306931113194	1.01120632506102	-0.000982436757519967	2.07944154167984
4	2_pairwise_numbers/drop97_palantla_chinantec_entropy_nonweighted_Rcalc.txt	0	2.34246886303296	1.33224472255168	1.01022414048127	-0.00253404798979995	1.38629436111989
6	2_pairwise_numbers/drop98_palantla_chinantec_entropy_nonweighted_Rcalc.txt	0	2.34035296100212	1.33186151419898	1.00849144680314	-0.00215083963709994	1.79175946922805
1	2_pairwise_numbers/drop99_palantla_chinantec_entropy_nonweighted_Rcalc.txt	0	2.33587953663535	1.33062022147729	1.00525931515806	-0.000909546915409898	0
2	2_pairwise_numbers/drop100_palantla_chinantec_entropy_nonweighted_Rcalc.txt	0	2.33950119951006	1.33241759042779	1.00708360908226	-0.00270691586590988	0.693147180559945
1	2_pairwise_numbers/drop101_palantla_chinantec_entropy_nonweighted_Rcalc.txt	0	2.34384310115942	1.33160609650321	1.01223700465621	-0.00189542194132986	0
