type_freq_dropped	filename	weighted	mean_ent_uncond	actual_ent	MI	difference	log_type_freq
4	2_pairwise_numbers/drop1_seri_entropy_nonweighted_Rcalc.txt	0	3.10036929296688	2.3277335255821	0.772635767384779	0.000334078460510145	1.38629436111989
2	2_pairwise_numbers/drop2_seri_entropy_nonweighted_Rcalc.txt	0	3.09925465221927	2.32570432664177	0.773550325577496	0.00236327740083997	0.693147180559945
7	2_pairwise_numbers/drop3_seri_entropy_nonweighted_Rcalc.txt	0	3.10266375384888	2.32839509016388	0.774268663685	-0.000327486121269871	1.94591014905531
1	2_pairwise_numbers/drop4_seri_entropy_nonweighted_Rcalc.txt	0	3.09909050515317	2.32705904466147	0.772031460491695	0.00100855938114019	0
1	2_pairwise_numbers/drop5_seri_entropy_nonweighted_Rcalc.txt	0	3.09919241963177	2.32569689299062	0.77349552664115	0.00237071105199016	0
1	2_pairwise_numbers/drop6_seri_entropy_nonweighted_Rcalc.txt	0	3.09782724805057	2.32344298514276	0.774384262907805	0.00462461889985022	0
7	2_pairwise_numbers/drop7_seri_entropy_nonweighted_Rcalc.txt	0	3.09603101989719	2.32567108227546	0.770359937621723	0.00239652176714999	1.94591014905531
3	2_pairwise_numbers/drop8_seri_entropy_nonweighted_Rcalc.txt	0	3.10161597318717	2.32675404324504	0.774861929942133	0.00131356079756983	1.09861228866811
1	2_pairwise_numbers/drop9_seri_entropy_nonweighted_Rcalc.txt	0	3.09647580614296	2.32607102118996	0.770404784952998	0.00199658285265025	0
2	2_pairwise_numbers/drop10_seri_entropy_nonweighted_Rcalc.txt	0	3.09519406894624	2.32654588988754	0.768648179058698	0.00152171415507008	0.693147180559945
1	2_pairwise_numbers/drop11_seri_entropy_nonweighted_Rcalc.txt	0	3.09988490777257	2.32784173130899	0.77204317646358	0.000225872733619958	0
1	2_pairwise_numbers/drop12_seri_entropy_nonweighted_Rcalc.txt	0	3.09971223487954	2.3246225010338	0.775089733845739	0.00344510300881007	0
1	2_pairwise_numbers/drop13_seri_entropy_nonweighted_Rcalc.txt	0	3.10059049700393	2.32396765355887	0.77662284344506	0.00409995048374023	0
8	2_pairwise_numbers/drop14_seri_entropy_nonweighted_Rcalc.txt	0	3.10050663749895	2.32702863527467	0.773478002224271	0.00103896876793996	2.07944154167984
2	2_pairwise_numbers/drop15_seri_entropy_nonweighted_Rcalc.txt	0	3.09721957035292	2.32621699103558	0.771002579317341	0.00185061300703016	0.693147180559945
1	2_pairwise_numbers/drop16_seri_entropy_nonweighted_Rcalc.txt	0	3.08879616002787	2.32981146184796	0.758984698179902	-0.00174385780535014	0
2	2_pairwise_numbers/drop17_seri_entropy_nonweighted_Rcalc.txt	0	3.09843282945504	2.32441138286554	0.774021446589501	0.00365622117706987	0.693147180559945
1	2_pairwise_numbers/drop18_seri_entropy_nonweighted_Rcalc.txt	0	3.10263265387052	2.32613459312409	0.776498060746433	0.00193301091852005	0
1	2_pairwise_numbers/drop19_seri_entropy_nonweighted_Rcalc.txt	0	3.10102962020863	2.326334570462	0.774695049746624	0.00173303358061005	0
1	2_pairwise_numbers/drop20_seri_entropy_nonweighted_Rcalc.txt	0	3.09260620988357	2.32731893504891	0.765287274834658	0.000748668993700186	0
1	2_pairwise_numbers/drop21_seri_entropy_nonweighted_Rcalc.txt	0	3.09576934937216	2.32525893919715	0.770510410175009	0.00280866484545994	0
1	2_pairwise_numbers/drop22_seri_entropy_nonweighted_Rcalc.txt	0	3.10013332085374	2.32579200805079	0.774341312802954	0.00227559599181992	0
1	2_pairwise_numbers/drop23_seri_entropy_nonweighted_Rcalc.txt	0	3.09923762594344	2.3264873003299	0.77275032561354	0.00158030371271023	0
1	2_pairwise_numbers/drop24_seri_entropy_nonweighted_Rcalc.txt	0	3.09883710025411	2.32803315505463	0.770803945199487	3.44489879799958e-05	0
15	2_pairwise_numbers/drop25_seri_entropy_nonweighted_Rcalc.txt	0	3.10113156113611	2.32691551392872	0.774216047207386	0.00115209011388995	2.70805020110221
16	2_pairwise_numbers/drop26_seri_entropy_nonweighted_Rcalc.txt	0	3.10374198955875	2.3271724268444	0.776569562714349	0.000895177198210195	2.77258872223978
5	2_pairwise_numbers/drop27_seri_entropy_nonweighted_Rcalc.txt	0	3.09971646326215	2.32604735872009	0.773669104542058	0.00202024532251999	1.6094379124341
1	2_pairwise_numbers/drop28_seri_entropy_nonweighted_Rcalc.txt	0	3.10201092414415	2.32776282406371	0.774248100080436	0.000304779978899994	0
2	2_pairwise_numbers/drop29_seri_entropy_nonweighted_Rcalc.txt	0	3.10144752867675	2.32818716796503	0.773260360711718	-0.000119563922420074	0.693147180559945
4	2_pairwise_numbers/drop30_seri_entropy_nonweighted_Rcalc.txt	0	3.09928986112786	2.32777743791321	0.771512423214649	0.000290166129400138	1.38629436111989
6	2_pairwise_numbers/drop31_seri_entropy_nonweighted_Rcalc.txt	0	3.09905115073242	2.32851343915329	0.770537711579125	-0.000445835110679749	1.79175946922805
1	2_pairwise_numbers/drop32_seri_entropy_nonweighted_Rcalc.txt	0	3.09557981651531	2.32298503094268	0.772594785572625	0.00508257309992999	0
1	2_pairwise_numbers/drop33_seri_entropy_nonweighted_Rcalc.txt	0	3.09519726285703	2.32735438863972	0.767842874217311	0.000713215402889933	0
1	2_pairwise_numbers/drop34_seri_entropy_nonweighted_Rcalc.txt	0	3.10061906947882	2.32643486584937	0.774184203629454	0.00163273819324017	0
16	2_pairwise_numbers/drop35_seri_entropy_nonweighted_Rcalc.txt	0	3.10374198955875	2.32975404141854	0.773987948140203	-0.00168643737592999	2.77258872223978
1	2_pairwise_numbers/drop36_seri_entropy_nonweighted_Rcalc.txt	0	3.09912571406176	2.32640301283823	0.772722701223525	0.00166459120438001	0
1	2_pairwise_numbers/drop37_seri_entropy_nonweighted_Rcalc.txt	0	3.09888700366632	2.32456975549472	0.774317248171591	0.00349784854789004	0
1	2_pairwise_numbers/drop38_seri_entropy_nonweighted_Rcalc.txt	0	3.10016874086304	2.32489695444478	0.775271786418258	0.00317064959783009	0
2	2_pairwise_numbers/drop39_seri_entropy_nonweighted_Rcalc.txt	0	3.10287925814547	2.32737217400095	0.77550708414452	0.00069543004165995	0.693147180559945
1	2_pairwise_numbers/drop40_seri_entropy_nonweighted_Rcalc.txt	0	3.10205079894755	2.32735188142619	0.774698917521353	0.000715722616420056	0
1	2_pairwise_numbers/drop41_seri_entropy_nonweighted_Rcalc.txt	0	3.10517371902747	2.32837404230416	0.77679967672331	-0.000306438261549857	0
1	2_pairwise_numbers/drop42_seri_entropy_nonweighted_Rcalc.txt	0	3.10113156113611	2.32691551392872	0.774216047207386	0.00115209011388995	0
1	2_pairwise_numbers/drop43_seri_entropy_nonweighted_Rcalc.txt	0	3.09484285785758	2.32551379038983	0.76932906746775	0.00255381365278007	0
3	2_pairwise_numbers/drop44_seri_entropy_nonweighted_Rcalc.txt	0	3.1001809516563	2.32728853358761	0.772892418068687	0.000779070455000141	1.09861228866811
1	2_pairwise_numbers/drop45_seri_entropy_nonweighted_Rcalc.txt	0	3.09528642020425	2.32554779546558	0.769738624738664	0.00251980857703016	0
1	2_pairwise_numbers/drop46_seri_entropy_nonweighted_Rcalc.txt	0	3.09815703626876	2.32645076957911	0.771706266689648	0.00161683446349992	0
1	2_pairwise_numbers/drop47_seri_entropy_nonweighted_Rcalc.txt	0	3.10244146737212	2.32825432063939	0.774187146732728	-0.000186716596779934	0
1	2_pairwise_numbers/drop48_seri_entropy_nonweighted_Rcalc.txt	0	3.09758648147969	2.32650380442554	0.771082677054149	0.00156379961706987	0
3	2_pairwise_numbers/drop49_seri_entropy_nonweighted_Rcalc.txt	0	3.10473592825412	2.32890453033278	0.775831397921341	-0.000836926290169959	1.09861228866811
1	2_pairwise_numbers/drop50_seri_entropy_nonweighted_Rcalc.txt	0	3.10072673385979	2.32543758431801	0.775289149541781	0.00263001972460009	0
6	2_pairwise_numbers/drop51_seri_entropy_nonweighted_Rcalc.txt	0	3.1020409416828	2.32939623725339	0.772644704429406	-0.00132863321077981	1.79175946922805
1	2_pairwise_numbers/drop52_seri_entropy_nonweighted_Rcalc.txt	0	3.09718595579037	2.32889530111046	0.768290654679911	-0.000827697067849797	0
3	2_pairwise_numbers/drop53_seri_entropy_nonweighted_Rcalc.txt	0	3.10121248248488	2.3270914051369	0.774121077347979	0.000976198905710213	1.09861228866811
27	2_pairwise_numbers/drop54_seri_entropy_nonweighted_Rcalc.txt	0	3.1043354025648	2.33008205514039	0.774253347424403	-0.00201445109777998	3.29583686600433
2	2_pairwise_numbers/drop55_seri_entropy_nonweighted_Rcalc.txt	0	3.09948041667236	2.32829959161906	0.771180825053308	-0.000231987576449821	0.693147180559945
1	2_pairwise_numbers/drop56_seri_entropy_nonweighted_Rcalc.txt	0	3.10076215386909	2.32568978299216	0.775072370876927	0.00237782105044992	0
2	2_pairwise_numbers/drop57_seri_entropy_nonweighted_Rcalc.txt	0	3.09760281338196	2.32466696567587	0.772935847706095	0.00340063836673998	0.693147180559945
1	2_pairwise_numbers/drop58_seri_entropy_nonweighted_Rcalc.txt	0	3.09623534631055	2.32902567837826	0.767209667932294	-0.000958074335649872	0
1	2_pairwise_numbers/drop59_seri_entropy_nonweighted_Rcalc.txt	0	3.09869395425865	2.32524558430045	0.773448369958197	0.00282201974216001	0
5	2_pairwise_numbers/drop60_seri_entropy_nonweighted_Rcalc.txt	0	3.10026187300506	2.32580205710984	0.774459815895219	0.00226554693277015	1.6094379124341
19	2_pairwise_numbers/drop61_seri_entropy_nonweighted_Rcalc.txt	0	3.10338479308498	2.32913755174263	0.774247241342358	-0.00106994770002	2.94443897916644
1	2_pairwise_numbers/drop62_seri_entropy_nonweighted_Rcalc.txt	0	3.09467591931717	2.32662118131329	0.768054738003872	0.00144642272932005	0
1	2_pairwise_numbers/drop63_seri_entropy_nonweighted_Rcalc.txt	0	3.09852980719255	2.32827752267151	0.770252284521045	-0.000209918628899963	0
2	2_pairwise_numbers/drop64_seri_entropy_nonweighted_Rcalc.txt	0	3.10009772593896	2.32447065414054	0.775627071798421	0.00359694990206982	0.693147180559945
2	2_pairwise_numbers/drop65_seri_entropy_nonweighted_Rcalc.txt	0	3.1003098762682	2.32853683858956	0.771773037678643	-0.000469234546950137	0.693147180559945
1	2_pairwise_numbers/drop66_seri_entropy_nonweighted_Rcalc.txt	0	3.09673662757249	2.32573021073939	0.771006416833103	0.00233739330322003	0
2	2_pairwise_numbers/drop67_seri_entropy_nonweighted_Rcalc.txt	0	3.1026043371502	2.32751255019757	0.775091786952631	0.000555053845039843	0.693147180559945
1	2_pairwise_numbers/drop68_seri_entropy_nonweighted_Rcalc.txt	0	3.10576713203352	2.32674045785164	0.779026674181875	0.00132714619096985	0
1	2_pairwise_numbers/drop69_seri_entropy_nonweighted_Rcalc.txt	0	3.10178863766739	2.32727631093544	0.774512326731955	0.000791293107170077	0
2	2_pairwise_numbers/drop70_seri_entropy_nonweighted_Rcalc.txt	0	3.10408309854939	2.32861655110623	0.775466547443161	-0.000548947063619742	0.693147180559945
2	2_pairwise_numbers/drop71_seri_entropy_nonweighted_Rcalc.txt	0	3.10013332085374	2.32710953110744	0.773023789746301	0.00095807293517014	0.693147180559945
1	2_pairwise_numbers/drop72_seri_entropy_nonweighted_Rcalc.txt	0	3.09865455945455	2.32700011188806	0.771654447566492	0.00106749215454993	0
1	2_pairwise_numbers/drop73_seri_entropy_nonweighted_Rcalc.txt	0	3.10038562486915	2.32584663629439	0.77453898857476	0.00222096774822012	0
1	2_pairwise_numbers/drop74_seri_entropy_nonweighted_Rcalc.txt	0	3.09636009857255	2.32570094064572	0.770659157926828	0.00236666339689018	0
1	2_pairwise_numbers/drop75_seri_entropy_nonweighted_Rcalc.txt	0	3.09667827486957	2.32634135035973	0.770336924509838	0.00172625368288015	0
1	2_pairwise_numbers/drop76_seri_entropy_nonweighted_Rcalc.txt	0	3.09459059232779	2.32623296622071	0.768357626107083	0.00183463782189985	0
2	2_pairwise_numbers/drop77_seri_entropy_nonweighted_Rcalc.txt	0	3.10013332085374	2.3254358016532	0.774697519200537	0.00263180238941008	0.693147180559945
1	2_pairwise_numbers/drop78_seri_entropy_nonweighted_Rcalc.txt	0	3.09216068066716	2.32720138589097	0.764959294776185	0.000866218151640119	0
2	2_pairwise_numbers/drop79_seri_entropy_nonweighted_Rcalc.txt	0	3.09691698526501	2.32610263996429	0.770814345300718	0.00196496407831992	0.693147180559945
1	2_pairwise_numbers/drop80_seri_entropy_nonweighted_Rcalc.txt	0	3.10260251030239	2.32745372908999	0.7751487812124	0.000613874952620108	0
2	2_pairwise_numbers/drop81_seri_entropy_nonweighted_Rcalc.txt	0	3.09746688523028	2.325709178055	0.771757707175282	0.00235842598761016	0.693147180559945
24	2_pairwise_numbers/drop82_seri_entropy_nonweighted_Rcalc.txt	0	3.106011611932	2.33011863031497	0.775892981617033	-0.00205102627236009	3.17805383034795
2	2_pairwise_numbers/drop83_seri_entropy_nonweighted_Rcalc.txt	0	3.10243836323629	2.32628611114206	0.776152252094229	0.00178149290054996	0.693147180559945
1	2_pairwise_numbers/drop84_seri_entropy_nonweighted_Rcalc.txt	0	3.10243836323629	2.32806939676611	0.774368966470185	-1.79272349987158e-06	0
1	2_pairwise_numbers/drop85_seri_entropy_nonweighted_Rcalc.txt	0	3.10272454478598	2.32730780325001	0.775416741535964	0.000759800792600185	0
3	2_pairwise_numbers/drop86_seri_entropy_nonweighted_Rcalc.txt	0	3.10002613295269	2.32655600114623	0.773470131806461	0.00151160289638019	1.09861228866811
1	2_pairwise_numbers/drop87_seri_entropy_nonweighted_Rcalc.txt	0	3.10561108624268	2.32781331159307	0.777797774649609	0.000254292449540117	0
1	2_pairwise_numbers/drop88_seri_entropy_nonweighted_Rcalc.txt	0	3.10323276585569	2.32648170520117	0.776751060654519	0.00158589884143989	0
1	2_pairwise_numbers/drop89_seri_entropy_nonweighted_Rcalc.txt	0	3.10115895781179	2.32520783814582	0.775951119665965	0.00285976589678993	0
3	2_pairwise_numbers/drop90_seri_entropy_nonweighted_Rcalc.txt	0	3.10561108624268	2.32862288668375	0.776988199558924	-0.000555282641140131	1.09861228866811
1	2_pairwise_numbers/drop91_seri_entropy_nonweighted_Rcalc.txt	0	3.10236601588087	2.32446934250138	0.777896673379485	0.00359826154123022	0
1	2_pairwise_numbers/drop92_seri_entropy_nonweighted_Rcalc.txt	0	3.09132492579546	2.32151531300911	0.76980961278635	0.00655229103350008	0
2	2_pairwise_numbers/drop93_seri_entropy_nonweighted_Rcalc.txt	0	3.10091398344323	2.3258776461647	0.775036337278534	0.00218995787790988	0.693147180559945
16	2_pairwise_numbers/drop94_seri_entropy_nonweighted_Rcalc.txt	0	3.10432308507284	2.3286828632056	0.77564022186725	-0.00061525916298999	2.77258872223978
4	2_pairwise_numbers/drop95_seri_entropy_nonweighted_Rcalc.txt	0	3.10466047676286	2.3288322139867	0.775828262776163	-0.000764609944090111	1.38629436111989
1	2_pairwise_numbers/drop96_seri_entropy_nonweighted_Rcalc.txt	0	3.10118914254576	2.32498536237901	0.776203780166748	0.00308224166359983	0
2	2_pairwise_numbers/drop97_seri_entropy_nonweighted_Rcalc.txt	0	3.10535878222727	2.32740247695188	0.777956305275387	0.000665127090730078	0.693147180559945
2	2_pairwise_numbers/drop98_seri_entropy_nonweighted_Rcalc.txt	0	3.10214075242348	2.32576648555965	0.776374266863834	0.00230111848296	0.693147180559945
15	2_pairwise_numbers/drop99_seri_entropy_nonweighted_Rcalc.txt	0	3.1052636725034	2.32891030796708	0.776353364536327	-0.000842703924469834	2.70805020110221
9	2_pairwise_numbers/drop100_seri_entropy_nonweighted_Rcalc.txt	0	3.10411873122352	2.32922536763594	0.774893363587581	-0.00115776359332997	2.19722457733622
1	2_pairwise_numbers/drop101_seri_entropy_nonweighted_Rcalc.txt	0	3.10054548252781	2.32643870623545	0.774106776292355	0.00162889780715991	0
1	2_pairwise_numbers/drop102_seri_entropy_nonweighted_Rcalc.txt	0	3.10083166407749	2.32564558444211	0.775186079635383	0.00242201960050004	0
1	2_pairwise_numbers/drop103_seri_entropy_nonweighted_Rcalc.txt	0	3.10091398344323	2.32815163733292	0.772762346110315	-8.40332903098151e-05	0
2	2_pairwise_numbers/drop104_seri_entropy_nonweighted_Rcalc.txt	0	3.09734073474753	2.32742299909665	0.769917735650877	0.000644604945959859	0.693147180559945
1	2_pairwise_numbers/drop105_seri_entropy_nonweighted_Rcalc.txt	0	3.09963224624651	2.32493109069819	0.774701155548319	0.00313651334441989	0
1	2_pairwise_numbers/drop106_seri_entropy_nonweighted_Rcalc.txt	0	3.09775464295611	2.32706584782626	0.77068879512985	0.00100175621635001	0
5	2_pairwise_numbers/drop107_seri_entropy_nonweighted_Rcalc.txt	0	3.10432308507284	2.32857896209816	0.77574412297468	-0.000511358055550026	1.6094379124341
1	2_pairwise_numbers/drop108_seri_entropy_nonweighted_Rcalc.txt	0	3.10074983637714	2.32734996076132	0.773399875615818	0.00071764328128987	0
2	2_pairwise_numbers/drop109_seri_entropy_nonweighted_Rcalc.txt	0	3.08904576918829	2.32665910436305	0.762386664825235	0.00140849967956003	0.693147180559945
1	2_pairwise_numbers/drop110_seri_entropy_nonweighted_Rcalc.txt	0	3.0958738625675	2.32328628930917	0.772587573258329	0.00478131473344012	0
2	2_pairwise_numbers/drop111_seri_entropy_nonweighted_Rcalc.txt	0	3.1047483548294	2.32848310200905	0.776265252820346	-0.000415497966439915	0.693147180559945
1	2_pairwise_numbers/drop112_seri_entropy_nonweighted_Rcalc.txt	0	3.10117510613369	2.32704411894482	0.774130987188867	0.00102348509778993	0
8	2_pairwise_numbers/drop113_seri_entropy_nonweighted_Rcalc.txt	0	3.10363371408179	2.32864042903643	0.774993285045353	-0.000572824993819943	2.07944154167984
1	2_pairwise_numbers/drop114_seri_entropy_nonweighted_Rcalc.txt	0	3.09448772067878	2.32602838948908	0.768459331189706	0.00203921455352996	0
2	2_pairwise_numbers/drop115_seri_entropy_nonweighted_Rcalc.txt	0	3.10122030986162	2.32762893547483	0.773591374386794	0.000438668567780187	0.693147180559945
1	2_pairwise_numbers/drop116_seri_entropy_nonweighted_Rcalc.txt	0	3.0925114360938	2.3266871510174	0.765824285076399	0.00138045302520995	0
1	2_pairwise_numbers/drop117_seri_entropy_nonweighted_Rcalc.txt	0	3.10206492742316	2.32596408570128	0.776100841721878	0.00210351834132982	0
1	2_pairwise_numbers/drop118_seri_entropy_nonweighted_Rcalc.txt	0	3.10170472191268	2.32682158205639	0.774883139856288	0.00124602198622004	0
1	2_pairwise_numbers/drop119_seri_entropy_nonweighted_Rcalc.txt	0	3.09849808900968	2.32639858715681	0.772099501852874	0.00166901688580001	0
1	2_pairwise_numbers/drop120_seri_entropy_nonweighted_Rcalc.txt	0	3.10047437359466	2.32705734868513	0.773417024909528	0.00101025535748001	0
4	2_pairwise_numbers/drop121_seri_entropy_nonweighted_Rcalc.txt	0	3.10391989563148	2.32896010027894	0.774959795352538	-0.000892496236330143	1.38629436111989
1	2_pairwise_numbers/drop122_seri_entropy_nonweighted_Rcalc.txt	0	3.10044856141437	2.32724399999827	0.773204561416096	0.000823604044339898	0
81	2_pairwise_numbers/drop123_seri_entropy_nonweighted_Rcalc.txt	0	3.1070428157114	2.33092341534486	0.77611940036654	-0.0028558113022501	4.39444915467244
4	2_pairwise_numbers/drop124_seri_entropy_nonweighted_Rcalc.txt	0	3.10346956701569	2.3292527257477	0.774216841267986	-0.00118512170509	1.38629436111989
3	2_pairwise_numbers/drop125_seri_entropy_nonweighted_Rcalc.txt	0	3.10346956701569	2.32798467115715	0.775484895858534	8.29328854599076e-05	1.09861228866811
1	2_pairwise_numbers/drop126_seri_entropy_nonweighted_Rcalc.txt	0	3.10357148149429	2.32832877144005	0.775242710054245	-0.000261167397439976	0
2	2_pairwise_numbers/drop127_seri_entropy_nonweighted_Rcalc.txt	0	3.10375574856538	2.32830046369073	0.775455284874643	-0.00023285964811981	0.693147180559945
1	2_pairwise_numbers/drop128_seri_entropy_nonweighted_Rcalc.txt	0	3.09849808900968	2.32639858715681	0.772099501852874	0.00166901688580001	0
1	2_pairwise_numbers/drop129_seri_entropy_nonweighted_Rcalc.txt	0	3.10206492742316	2.32728160875793	0.774783318665224	0.000785995284680041	0
1	2_pairwise_numbers/drop130_seri_entropy_nonweighted_Rcalc.txt	0	3.10323276585569	2.32697899604581	0.776253769809879	0.00108860799680022	0
1	2_pairwise_numbers/drop131_seri_entropy_nonweighted_Rcalc.txt	0	3.09576461844203	2.32152548037714	0.774239138064894	0.00654212366546991	0
12	2_pairwise_numbers/drop132_seri_entropy_nonweighted_Rcalc.txt	0	3.10535878222727	2.32957349725076	0.77578528497651	-0.00150589320814998	2.484906649788
1	2_pairwise_numbers/drop133_seri_entropy_nonweighted_Rcalc.txt	0	3.10178553353156	2.32581415742291	0.775971376108652	0.00225344661969995	0
1	2_pairwise_numbers/drop134_seri_entropy_nonweighted_Rcalc.txt	0	3.10274835380463	2.32696611725224	0.775782236552397	0.00110148679037003	0
1	2_pairwise_numbers/drop135_seri_entropy_nonweighted_Rcalc.txt	0	3.10411873122352	2.32773349510202	0.776385236121501	0.000334108940589939	0
1	2_pairwise_numbers/drop136_seri_entropy_nonweighted_Rcalc.txt	0	3.10054548252781	2.32647296548792	0.774072517039887	0.00159463855468989	0
3	2_pairwise_numbers/drop137_seri_entropy_nonweighted_Rcalc.txt	0	3.10388002082808	2.32764926413008	0.776230756697994	0.00041833991252993	1.09861228866811
4	2_pairwise_numbers/drop138_seri_entropy_nonweighted_Rcalc.txt	0	3.09712133911434	2.32605742637859	0.771063912735748	0.00201017766402023	1.38629436111989
1	2_pairwise_numbers/drop139_seri_entropy_nonweighted_Rcalc.txt	0	3.09677185002668	2.32574741210204	0.771024437924643	0.0023201919405702	0
1	2_pairwise_numbers/drop140_seri_entropy_nonweighted_Rcalc.txt	0	3.09705803157637	2.32546123055235	0.771596801024018	0.00260637349026016	0
8	2_pairwise_numbers/drop141_seri_entropy_nonweighted_Rcalc.txt	0	3.1001809516563	2.32711418411034	0.773066767545953	0.000953419932269828	2.07944154167984
4	2_pairwise_numbers/drop142_seri_entropy_nonweighted_Rcalc.txt	0	3.10131261867974	2.32805448482585	0.773258133853893	1.31192167600602e-05	1.38629436111989
2	2_pairwise_numbers/drop143_seri_entropy_nonweighted_Rcalc.txt	0	3.09260374491192	2.32685167438011	0.76575207053181	0.00121592966250006	0.693147180559945
1	2_pairwise_numbers/drop144_seri_entropy_nonweighted_Rcalc.txt	0	3.09667827486957	2.32577827198538	0.770900002884191	0.00228933205722992	0
8	2_pairwise_numbers/drop145_seri_entropy_nonweighted_Rcalc.txt	0	3.10191581442028	2.32813257880623	0.773783235614057	-6.4974763620107e-05	2.07944154167984
2	2_pairwise_numbers/drop146_seri_entropy_nonweighted_Rcalc.txt	0	3.09844448020318	2.32626585998557	0.772178620217609	0.00180174405703992	0.693147180559945
1	2_pairwise_numbers/drop147_seri_entropy_nonweighted_Rcalc.txt	0	3.09403828395756	2.3265755181275	0.767462765830058	0.00149208591510996	0
1	2_pairwise_numbers/drop148_seri_entropy_nonweighted_Rcalc.txt	0	3.0942157052801	2.32566666523455	0.768549040045549	0.00240093880805992	0
1	2_pairwise_numbers/drop149_seri_entropy_nonweighted_Rcalc.txt	0	3.10003821112988	2.3269436326684	0.773094578461478	0.00112397137421016	0
2	2_pairwise_numbers/drop150_seri_entropy_nonweighted_Rcalc.txt	0	3.10298889223632	2.3279855038669	0.775003388369416	8.21001757098649e-05	0.693147180559945
2	2_pairwise_numbers/drop151_seri_entropy_nonweighted_Rcalc.txt	0	3.09701839768405	2.32258380588106	0.774434591802995	0.00548379816155009	0.693147180559945
36	2_pairwise_numbers/drop152_seri_entropy_nonweighted_Rcalc.txt	0	3.10528335311832	2.3298781815789	0.775405171539421	-0.00181057753628977	3.58351893845611
1	2_pairwise_numbers/drop153_seri_entropy_nonweighted_Rcalc.txt	0	3.10171010442261	2.32649079073426	0.775219313688345	0.00157681330835002	0
1	2_pairwise_numbers/drop154_seri_entropy_nonweighted_Rcalc.txt	0	3.10199628597229	2.32829845580176	0.773697830170534	-0.000230851759150053	0
1	2_pairwise_numbers/drop155_seri_entropy_nonweighted_Rcalc.txt	0	3.10127415872399	2.32716568024642	0.774108478477565	0.000901923796190029	0
1	2_pairwise_numbers/drop156_seri_entropy_nonweighted_Rcalc.txt	0	3.096657883227	2.325252819518	0.771405063709005	0.00281478452461004	0
1	2_pairwise_numbers/drop157_seri_entropy_nonweighted_Rcalc.txt	0	3.104882827429	2.32776422916494	0.777118598264057	0.00030337487766996	0
1	2_pairwise_numbers/drop158_seri_entropy_nonweighted_Rcalc.txt	0	3.1031517620144	2.3270371033276	0.776114658686798	0.00103050071500999	0
1	2_pairwise_numbers/drop159_seri_entropy_nonweighted_Rcalc.txt	0	3.102588366547	2.32701234398519	0.775576022561805	0.00105526005742007	0
2	2_pairwise_numbers/drop160_seri_entropy_nonweighted_Rcalc.txt	0	3.1004306989981	2.32809448646729	0.772336212530815	-2.68824246800747e-05	0.693147180559945
16	2_pairwise_numbers/drop161_seri_entropy_nonweighted_Rcalc.txt	0	3.104882827429	2.32939403646764	0.775488790961358	-0.00132643242503017	2.77258872223978
1	2_pairwise_numbers/drop162_seri_entropy_nonweighted_Rcalc.txt	0	3.09617395366118	2.32565394472343	0.770520008937752	0.00241365931917992	0
10	2_pairwise_numbers/drop163_seri_entropy_nonweighted_Rcalc.txt	0	3.10359482625916	2.32731625772081	0.776278568538351	0.000751346321799851	2.30258509299405
9	2_pairwise_numbers/drop164_seri_entropy_nonweighted_Rcalc.txt	0	3.10393221794918	2.32746560850192	0.776466609447264	0.000601995540689959	2.19722457733622
1	2_pairwise_numbers/drop165_seri_entropy_nonweighted_Rcalc.txt	0	3.10233606253159	2.32663792405249	0.775698138479096	0.00142967999012011	0
2	2_pairwise_numbers/drop166_seri_entropy_nonweighted_Rcalc.txt	0	3.10122142178397	2.32484886211915	0.776372559664829	0.00321874192345994	0.693147180559945
1	2_pairwise_numbers/drop167_seri_entropy_nonweighted_Rcalc.txt	0	3.1001783949827	2.32821735737923	0.771961037603466	-0.000149753336620151	0
1	2_pairwise_numbers/drop168_seri_entropy_nonweighted_Rcalc.txt	0	3.09689132783667	2.32687782431822	0.770013503518451	0.00118977972439005	0
1	2_pairwise_numbers/drop169_seri_entropy_nonweighted_Rcalc.txt	0	3.09993968458725	2.32532373081672	0.77461595377053	0.00274387322588998	0
1	2_pairwise_numbers/drop170_seri_entropy_nonweighted_Rcalc.txt	0	3.09822053618764	2.32554861596725	0.772671920220386	0.00251898807536	0
23	2_pairwise_numbers/drop171_seri_entropy_nonweighted_Rcalc.txt	0	3.10463052341358	2.33044295706386	0.77418756634972	-0.0023753530212498	3.13549421592915
1	2_pairwise_numbers/drop172_seri_entropy_nonweighted_Rcalc.txt	0	3.09864387049771	2.32424165263062	0.77440221786709	0.00382595141199005	0
2	2_pairwise_numbers/drop173_seri_entropy_nonweighted_Rcalc.txt	0	3.10115918919648	2.32602760205634	0.775131587140141	0.00204000198626986	0.693147180559945
16	2_pairwise_numbers/drop174_seri_entropy_nonweighted_Rcalc.txt	0	3.10134345626756	2.32952036016206	0.771823096105502	-0.00145275611945017	2.77258872223978
3	2_pairwise_numbers/drop175_seri_entropy_nonweighted_Rcalc.txt	0	3.10453541368972	2.32754370248229	0.776991711207429	0.000523901560320006	1.09861228866811
4	2_pairwise_numbers/drop176_seri_entropy_nonweighted_Rcalc.txt	0	3.10127415872399	2.32716568024643	0.774108478477564	0.00090192379618026	1.38629436111989
19	2_pairwise_numbers/drop177_seri_entropy_nonweighted_Rcalc.txt	0	3.10339047240983	2.32736147130651	0.776029001103321	0.000706132736099985	2.94443897916644
3	2_pairwise_numbers/drop178_seri_entropy_nonweighted_Rcalc.txt	0	3.10402009601572	2.32790360197486	0.776116494040862	0.000164002067750246	1.09861228866811
2	2_pairwise_numbers/drop179_seri_entropy_nonweighted_Rcalc.txt	0	3.10319163681779	2.32805765887736	0.775133977940428	9.94516524999156e-06	0.693147180559945
4	2_pairwise_numbers/drop180_seri_entropy_nonweighted_Rcalc.txt	0	3.09972030260069	2.32599798299021	0.773722319610477	0.00206962105239983	1.38629436111989
26	2_pairwise_numbers/drop181_seri_entropy_nonweighted_Rcalc.txt	0	3.10631455689771	2.32972028930699	0.77659426759072	-0.00165268526437989	3.25809653802148
1	2_pairwise_numbers/drop182_seri_entropy_nonweighted_Rcalc.txt	0	3.10274130820201	2.32579785746814	0.776943450733864	0.00226974657446988	0
3	2_pairwise_numbers/drop183_seri_entropy_nonweighted_Rcalc.txt	0	3.10302748975169	2.32832843894069	0.774699050811005	-0.000260834898079931	1.09861228866811
1	2_pairwise_numbers/drop184_seri_entropy_nonweighted_Rcalc.txt	0	3.10463052341358	2.32770960092133	0.776920922492251	0.000358003121279982	0
1	2_pairwise_numbers/drop185_seri_entropy_nonweighted_Rcalc.txt	0	3.09868076610772	2.32561138111313	0.773069384994597	0.00245622292948022	0
1	2_pairwise_numbers/drop186_seri_entropy_nonweighted_Rcalc.txt	0	3.09901815779774	2.32409270226601	0.774925455531732	0.00397490177659998	0
1	2_pairwise_numbers/drop187_seri_entropy_nonweighted_Rcalc.txt	0	3.08979783902286	2.32518015505039	0.764617683972467	0.00288744899222015	0
4	2_pairwise_numbers/drop188_seri_entropy_nonweighted_Rcalc.txt	0	3.09879289434036	2.32591470137311	0.772878192967247	0.00215290266950019	1.38629436111989
23	2_pairwise_numbers/drop189_seri_entropy_nonweighted_Rcalc.txt	0	3.10191581442028	2.32802401685868	0.773891797561606	4.35871839301605e-05	3.13549421592915
1	2_pairwise_numbers/drop190_seri_entropy_nonweighted_Rcalc.txt	0	3.09729953892329	2.32474999756499	0.772549541358306	0.00331760647762014	0
2	2_pairwise_numbers/drop191_seri_entropy_nonweighted_Rcalc.txt	0	3.09480067157916	2.3259068489042	0.768893822674961	0.00216075513840996	0.693147180559945
4	2_pairwise_numbers/drop192_seri_entropy_nonweighted_Rcalc.txt	0	3.10501096384018	2.32827332623287	0.776737637607304	-0.000205722190259827	1.38629436111989
1	2_pairwise_numbers/drop193_seri_entropy_nonweighted_Rcalc.txt	0	3.10153962962307	2.3257130638284	0.775826565794676	0.00235454021421022	0
3	2_pairwise_numbers/drop194_seri_entropy_nonweighted_Rcalc.txt	0	3.09759266781624	2.32505636175489	0.772536306061355	0.00301124228771998	1.09861228866811
1	2_pairwise_numbers/drop195_seri_entropy_nonweighted_Rcalc.txt	0	3.10287937273625	2.32556382304101	0.777315549695247	0.0025037810016002	0
1	2_pairwise_numbers/drop196_seri_entropy_nonweighted_Rcalc.txt	0	3.10102797609902	2.32643292278826	0.774595053310763	0.00163468125434996	0
2	2_pairwise_numbers/drop197_seri_entropy_nonweighted_Rcalc.txt	0	3.10332243698102	2.32858658549508	0.774735851485944	-0.00051898145246998	0.693147180559945
1	2_pairwise_numbers/drop198_seri_entropy_nonweighted_Rcalc.txt	0	3.100035369835	2.32607049691928	0.773964872915723	0.00199710712333001	0
1	2_pairwise_numbers/drop199_seri_entropy_nonweighted_Rcalc.txt	0	3.10365982867104	2.32692112237489	0.77673870629615	0.00114648166772024	0
3	2_pairwise_numbers/drop200_seri_entropy_nonweighted_Rcalc.txt	0	3.10435813413544	2.32812643145338	0.776231702682067	-5.88274107697906e-05	1.09861228866811
1	2_pairwise_numbers/drop201_seri_entropy_nonweighted_Rcalc.txt	0	3.10107106698942	2.32738693445335	0.773684132536075	0.000680669589260052	0
1	2_pairwise_numbers/drop202_seri_entropy_nonweighted_Rcalc.txt	0	3.09814019484345	2.32370196622853	0.774438228614924	0.00436563781408017	0
3	2_pairwise_numbers/drop203_seri_entropy_nonweighted_Rcalc.txt	0	3.10311808313169	2.32813450823614	0.774983574895554	-6.69041935301706e-05	1.09861228866811
6	2_pairwise_numbers/drop204_seri_entropy_nonweighted_Rcalc.txt	0	3.10374770673758	2.32802657199554	0.775721134742039	4.10320470698444e-05	1.79175946922805
1	2_pairwise_numbers/drop205_seri_entropy_nonweighted_Rcalc.txt	0	3.10263306598997	2.3281181114932	0.774514954496763	-5.05074505898762e-05	0
1	2_pairwise_numbers/drop206_seri_entropy_nonweighted_Rcalc.txt	0	3.09905981729425	2.32688532286593	0.772174494428322	0.00118228117668018	0
1	2_pairwise_numbers/drop207_seri_entropy_nonweighted_Rcalc.txt	0	3.09348707258696	2.32692027313544	0.766566799451524	0.00114733090717012	0
1	2_pairwise_numbers/drop208_seri_entropy_nonweighted_Rcalc.txt	0	3.10070407382086	2.32817986594417	0.772524207876689	-0.000112261901560107	0
1	2_pairwise_numbers/drop209_seri_entropy_nonweighted_Rcalc.txt	0	3.09199520005304	2.32759191345734	0.764403286595698	0.000475690585270083	0
5	2_pairwise_numbers/drop210_seri_entropy_nonweighted_Rcalc.txt	0	3.10291924753965	2.32932380247743	0.773595445062218	-0.00125619843481983	1.6094379124341
1	2_pairwise_numbers/drop211_seri_entropy_nonweighted_Rcalc.txt	0	3.09934599884394	2.32677349079351	0.77257250805043	0.0012941132491	0
6	2_pairwise_numbers/drop212_seri_entropy_nonweighted_Rcalc.txt	0	3.09944791332255	2.32813588364463	0.771312029677914	-6.82796020199383e-05	1.79175946922805
3	2_pairwise_numbers/drop213_seri_entropy_nonweighted_Rcalc.txt	0	3.09963218039363	2.32820877041121	0.771423409982422	-0.000141166368599954	1.09861228866811
1	2_pairwise_numbers/drop214_seri_entropy_nonweighted_Rcalc.txt	0	3.09421037377184	2.32719155363984	0.767018820131994	0.000876050402769835	0
37	2_pairwise_numbers/drop215_seri_entropy_nonweighted_Rcalc.txt	0	3.10604216761958	2.33022108234424	0.775821085275336	-0.00215347830163015	3.61091791264422
1	2_pairwise_numbers/drop216_seri_entropy_nonweighted_Rcalc.txt	0	3.10246891892387	2.32848793061639	0.773980988307471	-0.000420326573780105	0
2	2_pairwise_numbers/drop217_seri_entropy_nonweighted_Rcalc.txt	0	3.10246891892387	2.32631864707048	0.776150271853388	0.00174895697213007	0.693147180559945
1	2_pairwise_numbers/drop218_seri_entropy_nonweighted_Rcalc.txt	0	3.10257083340247	2.32815461988729	0.774416213515179	-8.70158446799607e-05	0
2	2_pairwise_numbers/drop219_seri_entropy_nonweighted_Rcalc.txt	0	3.10275510047355	2.32901233187971	0.773742768593846	-0.000944727837099979	0.693147180559945
1	2_pairwise_numbers/drop220_seri_entropy_nonweighted_Rcalc.txt	0	3.10106427933133	2.3260048465324	0.775059432798932	0.00206275751021012	0
4	2_pairwise_numbers/drop221_seri_entropy_nonweighted_Rcalc.txt	0	3.09603101989719	2.32567108227546	0.770359937621723	0.00239652176714999	1.38629436111989
1	2_pairwise_numbers/drop222_seri_entropy_nonweighted_Rcalc.txt	0	3.09590136883246	2.32705140543567	0.768849963396788	0.00101619860694013	0
11	2_pairwise_numbers/drop223_seri_entropy_nonweighted_Rcalc.txt	0	3.1008792571207	2.32735817652976	0.77352108059094	0.00070942751285008	2.39789527279837
1	2_pairwise_numbers/drop224_seri_entropy_nonweighted_Rcalc.txt	0	3.09505675127092	2.32608120909591	0.768975542175013	0.00198639494669983	0
1	2_pairwise_numbers/drop225_seri_entropy_nonweighted_Rcalc.txt	0	3.10439481926348	2.32757194775292	0.776822871510562	0.000495656289690061	0
4	2_pairwise_numbers/drop226_seri_entropy_nonweighted_Rcalc.txt	0	3.10161597318717	2.32831909512401	0.773296878063162	-0.00025149108139999	1.38629436111989
1	2_pairwise_numbers/drop227_seri_entropy_nonweighted_Rcalc.txt	0	3.09804272449146	2.32698304962161	0.771059674869856	0.00108455442099986	0
1	2_pairwise_numbers/drop228_seri_entropy_nonweighted_Rcalc.txt	0	3.10399429357416	2.32783588761461	0.776158405959547	0.000231716427999906	0
1	2_pairwise_numbers/drop229_seri_entropy_nonweighted_Rcalc.txt	0	3.10399429357416	2.32732793964864	0.776666353925516	0.000739664393969885	0
2	2_pairwise_numbers/drop230_seri_entropy_nonweighted_Rcalc.txt	0	3.10374198955875	2.32742505297342	0.776316936585325	0.000642551069189867	0.693147180559945
2	2_pairwise_numbers/drop231_seri_entropy_nonweighted_Rcalc.txt	0	3.10364687983489	2.32893288398862	0.774713995846265	-0.000865279946010045	0.693147180559945
1	2_pairwise_numbers/drop232_seri_entropy_nonweighted_Rcalc.txt	0	3.10017554561778	2.32545722902119	0.774718316596594	0.00261037502141992	0
3	2_pairwise_numbers/drop233_seri_entropy_nonweighted_Rcalc.txt	0	3.10542602304288	2.32854021222973	0.776885810813149	-0.000472608187120027	1.09861228866811
1	2_pairwise_numbers/drop234_seri_entropy_nonweighted_Rcalc.txt	0	3.10185277434717	2.32684347521037	0.775009299136796	0.0012241288322401	0
1	2_pairwise_numbers/drop235_seri_entropy_nonweighted_Rcalc.txt	0	3.09307124648546	2.32632507932514	0.766746167160314	0.00174252471747005	0
3	2_pairwise_numbers/drop236_seri_entropy_nonweighted_Rcalc.txt	0	3.09804272449146	2.32698304962161	0.771059674869856	0.00108455442099986	1.09861228866811
1	2_pairwise_numbers/drop237_seri_entropy_nonweighted_Rcalc.txt	0	3.10144752867675	2.32525007602395	0.776197452652802	0.0028175280186602	0
16	2_pairwise_numbers/drop238_seri_entropy_nonweighted_Rcalc.txt	0	3.10374198955875	2.3295960732723	0.774145916286448	-0.00152846922968974	2.77258872223978
1	2_pairwise_numbers/drop239_seri_entropy_nonweighted_Rcalc.txt	0	3.10016874086304	2.32672427096817	0.773444469894866	0.0013433330744399	0
5	2_pairwise_numbers/drop240_seri_entropy_nonweighted_Rcalc.txt	0	3.10113156113611	2.32830621633043	0.772825344805681	-0.000238612287819961	1.6094379124341
1	2_pairwise_numbers/drop241_seri_entropy_nonweighted_Rcalc.txt	0	3.09530905528633	2.32540479358091	0.769904261705421	0.00266281046169992	0
1	2_pairwise_numbers/drop242_seri_entropy_nonweighted_Rcalc.txt	0	3.09909283692539	2.32217072660335	0.77692211032204	0.00589687743925982	0
1	2_pairwise_numbers/drop243_seri_entropy_nonweighted_Rcalc.txt	0	3.10226322815956	2.32767184015163	0.774591388007932	0.00039576389097995	0
4	2_pairwise_numbers/drop244_seri_entropy_nonweighted_Rcalc.txt	0	3.10197617869765	2.32607089636719	0.775905282330457	0.00199670767542015	1.38629436111989
1	2_pairwise_numbers/drop245_seri_entropy_nonweighted_Rcalc.txt	0	3.09256036103049	2.32241763304275	0.770142727987737	0.00564997099986009	0
1	2_pairwise_numbers/drop246_seri_entropy_nonweighted_Rcalc.txt	0	3.08520650779393	2.32977148627931	0.755435021514618	-0.00170388223670015	0
1	2_pairwise_numbers/drop247_seri_entropy_nonweighted_Rcalc.txt	0	3.10048382367849	2.32681131208815	0.773672511590335	0.00125629195445986	0
1	2_pairwise_numbers/drop248_seri_entropy_nonweighted_Rcalc.txt	0	3.09691057498277	2.32676126136515	0.770149313617624	0.00130634267746021	0
2	2_pairwise_numbers/drop249_seri_entropy_nonweighted_Rcalc.txt	0	3.10266375384888	2.32714335463694	0.775520399211937	0.000924249405669819	0.693147180559945
1	2_pairwise_numbers/drop250_seri_entropy_nonweighted_Rcalc.txt	0	3.09759044689057	2.32339320627803	0.77419724061254	0.00467439776458001	0
5	2_pairwise_numbers/drop251_seri_entropy_nonweighted_Rcalc.txt	0	3.10191581442028	2.32718676781599	0.774729046604295	0.000880836226619941	1.6094379124341
2	2_pairwise_numbers/drop252_seri_entropy_nonweighted_Rcalc.txt	0	3.10201092414415	2.32735266625503	0.774658257889118	0.000714937787579917	0.693147180559945
29	2_pairwise_numbers/drop253_seri_entropy_nonweighted_Rcalc.txt	0	3.10053216274495	2.3285607700923	0.771971392652655	-0.000493166049690075	3.36729582998647
1	2_pairwise_numbers/drop254_seri_entropy_nonweighted_Rcalc.txt	0	3.09695891404925	2.32556974871929	0.771389165329951	0.00249785532332014	0
