type_freq_dropped	filename	weighted	mean_ent_uncond	actual_ent	MI	difference	log_type_freq
490	2_pairwise_numbers/drop1_russian_classes_79_entropy_nonweighted_Rcalc.txt	0	2.49481250714689	1.36365231525702	1.13116019188987	-0.00343043161557999	6.19440539110467
40	2_pairwise_numbers/drop2_russian_classes_79_entropy_nonweighted_Rcalc.txt	0	2.5522656478506	1.35951775571146	1.19274789213914	0.000704127929979981	3.68887945411394
30	2_pairwise_numbers/drop3_russian_classes_79_entropy_nonweighted_Rcalc.txt	0	2.55167623274857	1.36212093305967	1.1895552996889	-0.00189904941823005	3.40119738166216
7408	2_pairwise_numbers/drop4_russian_classes_79_entropy_nonweighted_Rcalc.txt	0	2.54485220380376	1.35880524237563	1.18604696142813	0.00141664126580987	8.91031577632602
5	2_pairwise_numbers/drop5_russian_classes_79_entropy_nonweighted_Rcalc.txt	0	2.548149048054	1.35610437889854	1.19204466915546	0.00411750474289985	1.6094379124341
107	2_pairwise_numbers/drop6_russian_classes_79_entropy_nonweighted_Rcalc.txt	0	2.54792810137075	1.35697869956828	1.19094940180248	0.00324318407315993	4.67282883446191
77	2_pairwise_numbers/drop7_russian_classes_79_entropy_nonweighted_Rcalc.txt	0	2.55040406168959	1.36106207607868	1.18934198561091	-0.000840192437240095	4.34380542185368
4890	2_pairwise_numbers/drop8_russian_classes_79_entropy_nonweighted_Rcalc.txt	0	2.54806663453222	1.360965739904	1.18710089462822	-0.000743856262560127	8.49494758246892
25	2_pairwise_numbers/drop9_russian_classes_79_entropy_nonweighted_Rcalc.txt	0	2.54643343339381	1.35546700207039	1.19096643132342	0.00475488157104986	3.2188758248682
13	2_pairwise_numbers/drop10_russian_classes_79_entropy_nonweighted_Rcalc.txt	0	2.54679446347324	1.35898180025054	1.1878126632227	0.00124008339089987	2.56494935746154
15740	2_pairwise_numbers/drop11_russian_classes_79_entropy_nonweighted_Rcalc.txt	0	2.55190086110883	1.35952269931681	1.19237816179202	0.000699184324630009	9.66396052197139
1191	2_pairwise_numbers/drop12_russian_classes_79_entropy_nonweighted_Rcalc.txt	0	2.54809557955418	1.3596610212443	1.18843455830989	0.000560862397139816	7.0825485693553
4	2_pairwise_numbers/drop13_russian_classes_79_entropy_nonweighted_Rcalc.txt	0	2.5513114460068	1.36251437705353	1.18879706895327	-0.00229249341209004	1.38629436111989
1	2_pairwise_numbers/drop14_russian_classes_79_entropy_nonweighted_Rcalc.txt	0	2.54930290617633	1.34991217414381	1.19939073203252	0.0103097094976299	0
35	2_pairwise_numbers/drop15_russian_classes_79_entropy_nonweighted_Rcalc.txt	0	2.55003927494782	1.35893406514026	1.19110520980756	0.00128781850117998	3.55534806148941
113	2_pairwise_numbers/drop16_russian_classes_79_entropy_nonweighted_Rcalc.txt	0	2.52283946033358	1.35004003262746	1.17279942770613	0.0101818510139799	4.72738781871234
16	2_pairwise_numbers/drop17_russian_classes_79_entropy_nonweighted_Rcalc.txt	0	2.54770184779046	1.36112233833669	1.18657950945376	-0.000900454695250019	2.77258872223978
1	2_pairwise_numbers/drop18_russian_classes_79_entropy_nonweighted_Rcalc.txt	0	2.54606864665204	1.35606351163487	1.19000513501716	0.00415837200656988	0
36	2_pairwise_numbers/drop19_russian_classes_79_entropy_nonweighted_Rcalc.txt	0	2.54278482299849	1.35876327603914	1.18402154695935	0.00145860760229999	3.58351893845611
3725	2_pairwise_numbers/drop20_russian_classes_79_entropy_nonweighted_Rcalc.txt	0	2.54263973958343	1.35078458633485	1.19185515324858	0.00943729730658993	8.22282213081366
7	2_pairwise_numbers/drop21_russian_classes_79_entropy_nonweighted_Rcalc.txt	0	2.54833668088432	1.35931947114426	1.18901720974006	0.000902412497179927	1.94591014905531
9	2_pairwise_numbers/drop22_russian_classes_79_entropy_nonweighted_Rcalc.txt	0	2.54828875206207	1.35905069109582	1.18923806096625	0.00117119254561993	2.19722457733622
84	2_pairwise_numbers/drop23_russian_classes_79_entropy_nonweighted_Rcalc.txt	0	2.55150461851469	1.36229254729355	1.18921207122114	-0.00207066365211017	4.43081679884331
5458	2_pairwise_numbers/drop24_russian_classes_79_entropy_nonweighted_Rcalc.txt	0	2.54468058956988	1.35858835622101	1.18609223334887	0.00163352742042999	8.60483770126828
4	2_pairwise_numbers/drop25_russian_classes_79_entropy_nonweighted_Rcalc.txt	0	2.54813823248037	1.3494870196983	1.19865121278208	0.0107348639431399	1.38629436111989
13	2_pairwise_numbers/drop26_russian_classes_79_entropy_nonweighted_Rcalc.txt	0	2.54775648713687	1.35559631224816	1.19216017488872	0.0046255713932799	2.56494935746154
2	2_pairwise_numbers/drop27_russian_classes_79_entropy_nonweighted_Rcalc.txt	0	2.5502324474557	1.36123369031256	1.18899875714315	-0.00101180667112	0.693147180559945
380	2_pairwise_numbers/drop28_russian_classes_79_entropy_nonweighted_Rcalc.txt	0	2.54789502029834	1.36113735413788	1.18675766616046	-0.00091547049644003	5.94017125272043
33	2_pairwise_numbers/drop29_russian_classes_79_entropy_nonweighted_Rcalc.txt	0	2.54626181915993	1.35641561708127	1.18984620207866	0.00380626656016991	3.49650756146648
1	2_pairwise_numbers/drop30_russian_classes_79_entropy_nonweighted_Rcalc.txt	0	2.54662284923936	1.35915341448442	1.18746943475494	0.00106846915701997	0
107	2_pairwise_numbers/drop31_russian_classes_79_entropy_nonweighted_Rcalc.txt	0	2.55258173124047	1.35754243597183	1.19503929526864	0.00267944766960992	4.67282883446191
1286	2_pairwise_numbers/drop32_russian_classes_79_entropy_nonweighted_Rcalc.txt	0	2.54998377630796	1.3624823843624	1.18750139194556	-0.00226050072096018	7.15929190479756
659	2_pairwise_numbers/drop33_russian_classes_79_entropy_nonweighted_Rcalc.txt	0	2.54862593010412	1.36029274217702	1.1883331879271	-7.08585355799762e-05	6.49072353450251
10	2_pairwise_numbers/drop34_russian_classes_79_entropy_nonweighted_Rcalc.txt	0	2.55035911500002	1.35932552280374	1.19103359219628	0.00089636083769995	2.30258509299405
15	2_pairwise_numbers/drop35_russian_classes_79_entropy_nonweighted_Rcalc.txt	0	2.55072014507945	1.36001494851254	1.19070519656692	0.000206935128900021	2.70805020110221
155	2_pairwise_numbers/drop36_russian_classes_79_entropy_nonweighted_Rcalc.txt	0	2.551661135381	1.35681695880449	1.19484417657652	0.00340492483694987	5.04342511691925
2	2_pairwise_numbers/drop37_russian_classes_79_entropy_nonweighted_Rcalc.txt	0	2.55107172027897	1.35737554689391	1.19369617338506	0.00284633674752999	0.693147180559945
2	2_pairwise_numbers/drop38_russian_classes_79_entropy_nonweighted_Rcalc.txt	0	2.5490631804485	1.35862636271559	1.19043681773291	0.00159552092585002	0.693147180559945
1	2_pairwise_numbers/drop39_russian_classes_79_entropy_nonweighted_Rcalc.txt	0	2.54943851914056	1.36101132808253	1.18842719105803	-0.000789444441090081	0
1	2_pairwise_numbers/drop40_russian_classes_79_entropy_nonweighted_Rcalc.txt	0	2.52930434041888	1.34840761940336	1.18089672101552	0.0118142642380799	0
1	2_pairwise_numbers/drop41_russian_classes_79_entropy_nonweighted_Rcalc.txt	0	2.54979954921999	1.36046256769665	1.18933698152334	-0.00024068405521005	0
20	2_pairwise_numbers/drop42_russian_classes_79_entropy_nonweighted_Rcalc.txt	0	2.55259407517457	1.35952080680932	1.19307326836526	0.00070107683211984	2.99573227355399
10	2_pairwise_numbers/drop43_russian_classes_79_entropy_nonweighted_Rcalc.txt	0	2.54878879361992	1.35400528609281	1.19478350752711	0.00621659754862991	2.30258509299405
3	2_pairwise_numbers/drop44_russian_classes_79_entropy_nonweighted_Rcalc.txt	0	2.54999612024207	1.35663506165107	1.193361058591	0.00358682199036986	1.09861228866811
1	2_pairwise_numbers/drop45_russian_classes_79_entropy_nonweighted_Rcalc.txt	0	2.55219413966265	1.35678059503725	1.1954135446254	0.00344128860418991	0
1	2_pairwise_numbers/drop46_russian_classes_79_entropy_nonweighted_Rcalc.txt	0	2.54959618473015	1.36016329222462	1.18943289250553	5.85914168198531e-05	0
7	2_pairwise_numbers/drop47_russian_classes_79_entropy_nonweighted_Rcalc.txt	0	2.54807753986605	1.35755382040952	1.19052371945653	0.00266806323191981	1.94591014905531
141	2_pairwise_numbers/drop48_russian_classes_79_entropy_nonweighted_Rcalc.txt	0	2.5478565931828	1.361357495287	1.1864990978958	-0.00113561164556009	4.94875989037817
157	2_pairwise_numbers/drop49_russian_classes_79_entropy_nonweighted_Rcalc.txt	0	2.55033255350163	1.36019112650245	1.19014142699918	3.0757138989923e-05	5.05624580534831
15	2_pairwise_numbers/drop50_russian_classes_79_entropy_nonweighted_Rcalc.txt	0	2.55068412870116	1.35670391447656	1.1939802142246	0.0035179691648799	2.70805020110221
6	2_pairwise_numbers/drop51_russian_classes_79_entropy_nonweighted_Rcalc.txt	0	2.54905092756274	1.35878244446198	1.19026848310076	0.00143943917945988	1.79175946922805
39	2_pairwise_numbers/drop52_russian_classes_79_entropy_nonweighted_Rcalc.txt	0	2.54941195764217	1.36019381677137	1.18921814087081	2.80668700698428e-05	3.66356164612965
1	2_pairwise_numbers/drop53_russian_classes_79_entropy_nonweighted_Rcalc.txt	0	2.55220648359676	1.35875896587473	1.19344751772202	0.00146291776670981	0
1	2_pairwise_numbers/drop54_russian_classes_79_entropy_nonweighted_Rcalc.txt	0	2.54479303954992	1.34787683936821	1.19691620018171	0.01234504427323	0
21	2_pairwise_numbers/drop55_russian_classes_79_entropy_nonweighted_Rcalc.txt	0	2.54786893711691	1.35939871272908	1.18847022438783	0.000823170912359839	3.04452243772342
2	2_pairwise_numbers/drop56_russian_classes_79_entropy_nonweighted_Rcalc.txt	0	2.54305812731533	1.35532548512875	1.18773264218659	0.00489639851268997	0.693147180559945
5	2_pairwise_numbers/drop57_russian_classes_79_entropy_nonweighted_Rcalc.txt	0	2.54069124598638	1.35415465687307	1.1865365891133	0.0060672267683699	1.6094379124341
1	2_pairwise_numbers/drop58_russian_classes_79_entropy_nonweighted_Rcalc.txt	0	2.53819263869189	1.35558352231797	1.18260911637392	0.00463836132346995	0
81	2_pairwise_numbers/drop59_russian_classes_79_entropy_nonweighted_Rcalc.txt	0	2.54333938094073	1.35032173293165	1.19301764800908	0.00990015070979	4.39444915467244
1	2_pairwise_numbers/drop60_russian_classes_79_entropy_nonweighted_Rcalc.txt	0	2.54903632224162	1.35442329800265	1.19461302423897	0.00579858563878988	0
1	2_pairwise_numbers/drop61_russian_classes_79_entropy_nonweighted_Rcalc.txt	0	2.54749821309248	1.35897746406377	1.1885207490287	0.00124441957766996	0
78	2_pairwise_numbers/drop62_russian_classes_79_entropy_nonweighted_Rcalc.txt	0	2.54711646774898	1.36070448627094	1.18641198147803	-0.000482602629500173	4.35670882668959
17	2_pairwise_numbers/drop63_russian_classes_79_entropy_nonweighted_Rcalc.txt	0	2.54959242806781	1.36019547529239	1.18939695277542	2.64083490499889e-05	2.83321334405622
2	2_pairwise_numbers/drop64_russian_classes_79_entropy_nonweighted_Rcalc.txt	0	2.54994400326733	1.35533969653037	1.19460430673696	0.00488218711107002	0.693147180559945
7	2_pairwise_numbers/drop65_russian_classes_79_entropy_nonweighted_Rcalc.txt	0	2.54831080212892	1.35904805548345	1.18926274664546	0.00117382815798983	1.94591014905531
65	2_pairwise_numbers/drop66_russian_classes_79_entropy_nonweighted_Rcalc.txt	0	2.54867183220835	1.3605302374231	1.18814159478524	-0.000308353781660164	4.17438726989564
2	2_pairwise_numbers/drop67_russian_classes_79_entropy_nonweighted_Rcalc.txt	0	2.54712881168308	1.35800750070996	1.18912131097312	0.00221438293148002	0.693147180559945
113	2_pairwise_numbers/drop68_russian_classes_79_entropy_nonweighted_Rcalc.txt	0	2.47906258784484	1.3776606257394	1.10140196210544	-0.01743874209796	4.72738781871234
7	2_pairwise_numbers/drop69_russian_classes_79_entropy_nonweighted_Rcalc.txt	0	2.50069576100241	1.36261256029937	1.13808320070304	-0.00239067665793002	1.94591014905531
2	2_pairwise_numbers/drop70_russian_classes_79_entropy_nonweighted_Rcalc.txt	0	2.52519882228697	1.35249540695279	1.17270341533419	0.00772647668865001	0.693147180559945
145	2_pairwise_numbers/drop71_russian_classes_79_entropy_nonweighted_Rcalc.txt	0	2.54327403032607	1.357879451825	1.18539457850107	0.00234243181644	4.97673374242057
57	2_pairwise_numbers/drop72_russian_classes_79_entropy_nonweighted_Rcalc.txt	0	2.53946874877142	1.35497379435714	1.18449495441428	0.00524808928429987	4.04305126783455
32	2_pairwise_numbers/drop73_russian_classes_79_entropy_nonweighted_Rcalc.txt	0	2.54268461522404	1.35412312839777	1.18856148682627	0.00609875524366998	3.46573590279973
193	2_pairwise_numbers/drop74_russian_classes_79_entropy_nonweighted_Rcalc.txt	0	2.53586058627923	1.35074717496502	1.1851134113142	0.00947470867641997	5.26269018890489
2	2_pairwise_numbers/drop75_russian_classes_79_entropy_nonweighted_Rcalc.txt	0	2.53571550286417	1.35208081239535	1.18363469046881	0.00814107124608987	0.693147180559945
36	2_pairwise_numbers/drop76_russian_classes_79_entropy_nonweighted_Rcalc.txt	0	2.54067607539357	1.3546246826504	1.18605139274316	0.00559720099103989	3.58351893845611
22	2_pairwise_numbers/drop77_russian_classes_79_entropy_nonweighted_Rcalc.txt	0	2.53931822918972	1.35486126909666	1.18445696009306	0.00536061454477998	3.09104245335832
13	2_pairwise_numbers/drop78_russian_classes_79_entropy_nonweighted_Rcalc.txt	0	2.54105141408562	1.35245632396035	1.18859509012528	0.00776555968108994	2.56494935746154
2	2_pairwise_numbers/drop79_russian_classes_79_entropy_nonweighted_Rcalc.txt	0	2.53893648384622	1.3475871080523	1.19134937579392	0.0126347755891398	0.693147180559945
