type_freq_dropped	filename	weighted	mean_ent_uncond	actual_ent	MI	difference	log_type_freq
1	2_pairwise_numbers/drop1_french_entropy_nonweighted_Rcalc.txt	0	4.47147126040971	0.709061160942048	3.76241009946766	-0.00682826921752999	0
2	2_pairwise_numbers/drop2_french_entropy_nonweighted_Rcalc.txt	0	4.5035387052213	0.688072983182467	3.81546572203883	0.014159908542051	0.693147180559945
4139	2_pairwise_numbers/drop3_french_entropy_nonweighted_Rcalc.txt	0	4.53130406357605	0.700053562608983	3.83125050096707	0.00217932911553498	8.32820949174873
423	2_pairwise_numbers/drop4_french_entropy_nonweighted_Rcalc.txt	0	4.46840892551844	0.712123495833313	3.75628542968513	-0.00989060410879505	6.04737217904628
31	2_pairwise_numbers/drop5_french_entropy_nonweighted_Rcalc.txt	0	4.47545117903957	0.706563822000845	3.76888735703872	-0.00433093027632703	3.43398720448515
1	2_pairwise_numbers/drop6_french_entropy_nonweighted_Rcalc.txt	0	4.53130406357605	0.700053562608983	3.83125050096707	0.00217932911553498	0
11	2_pairwise_numbers/drop7_french_entropy_nonweighted_Rcalc.txt	0	4.53474401438001	0.700974059903235	3.83376995447677	0.00125883182128295	2.39789527279837
33	2_pairwise_numbers/drop8_french_entropy_nonweighted_Rcalc.txt	0	4.47122582692689	0.709454852393728	3.76177097453316	-0.00722196066920999	3.49650756146648
12	2_pairwise_numbers/drop9_french_entropy_nonweighted_Rcalc.txt	0	4.53474401438001	0.700974059903235	3.83376995447677	0.00125883182128295	2.484906649788
63	2_pairwise_numbers/drop10_french_entropy_nonweighted_Rcalc.txt	0	4.46840892551844	0.712123495833313	3.75628542968513	-0.00989060410879505	4.14313472639153
196	2_pairwise_numbers/drop11_french_entropy_nonweighted_Rcalc.txt	0	4.48392941848838	0.702321079220723	3.78160833926765	-8.81874962049833e-05	5.27811465923052
499	2_pairwise_numbers/drop12_french_entropy_nonweighted_Rcalc.txt	0	4.46840892551844	0.712123495833313	3.75628542968513	-0.00989060410879505	6.21260609575152
262	2_pairwise_numbers/drop13_french_entropy_nonweighted_Rcalc.txt	0	4.51488801385147	0.688304173632676	3.82658384021879	0.0139287180918419	5.5683445037611
83	2_pairwise_numbers/drop14_french_entropy_nonweighted_Rcalc.txt	0	4.5234647294448	0.696652548669715	3.82681218077508	0.00558034305480293	4.4188406077966
53	2_pairwise_numbers/drop15_french_entropy_nonweighted_Rcalc.txt	0	4.52777108714008	0.696604961101819	3.83116612603826	0.00562793062269895	3.97029191355212
2	2_pairwise_numbers/drop16_french_entropy_nonweighted_Rcalc.txt	0	4.50966314249795	0.697654663957701	3.81200847854025	0.00457822776681693	0.693147180559945
332	2_pairwise_numbers/drop17_french_entropy_nonweighted_Rcalc.txt	0	4.51730876655414	0.694433688607281	3.82287507794685	0.00779920311723692	5.80513496891649
1	2_pairwise_numbers/drop18_french_entropy_nonweighted_Rcalc.txt	0	4.50431152169442	0.699541132250035	3.80477038944439	0.00269175947448297	0
1	2_pairwise_numbers/drop19_french_entropy_nonweighted_Rcalc.txt	0	4.50105820852913	0.695168203993176	3.80589000453595	0.00706468773134195	0
30	2_pairwise_numbers/drop20_french_entropy_nonweighted_Rcalc.txt	0	4.47826808044802	0.705377758249918	3.7728903221981	-0.00314486652540003	3.40119738166216
5	2_pairwise_numbers/drop21_french_entropy_nonweighted_Rcalc.txt	0	4.48047319438908	0.701823667011558	3.77864952737752	0.00040922471296001	1.6094379124341
12	2_pairwise_numbers/drop22_french_entropy_nonweighted_Rcalc.txt	0	4.50891226194573	0.700930693947314	3.80798156799842	0.00130219777720397	2.484906649788
4	2_pairwise_numbers/drop23_french_entropy_nonweighted_Rcalc.txt	0	4.51172916335418	0.702709789573704	3.80901937378048	-0.000476897849186031	1.38629436111989
10	2_pairwise_numbers/drop24_french_entropy_nonweighted_Rcalc.txt	0	4.46840892551844	0.712123495833313	3.75628542968513	-0.00989060410879505	2.30258509299405
3	2_pairwise_numbers/drop25_french_entropy_nonweighted_Rcalc.txt	0	4.46981737622267	0.710715045129088	3.75910233109358	-0.00848215340457004	1.09861228866811
4	2_pairwise_numbers/drop26_french_entropy_nonweighted_Rcalc.txt	0	4.52501253174305	0.67947633056184	3.84553620118121	0.022756561162678	1.38629436111989
2	2_pairwise_numbers/drop27_french_entropy_nonweighted_Rcalc.txt	0	4.50394159673935	0.691788388366159	3.81215320837319	0.010444503358359	0.693147180559945
3	2_pairwise_numbers/drop28_french_entropy_nonweighted_Rcalc.txt	0	4.48140617037815	0.700490267707578	3.78091590267057	0.00174262401693992	1.09861228866811
8	2_pairwise_numbers/drop29_french_entropy_nonweighted_Rcalc.txt	0	4.53897639761743	0.680703392065023	3.8582730055524	0.021529499659495	2.07944154167984
1	2_pairwise_numbers/drop30_french_entropy_nonweighted_Rcalc.txt	0	4.47545117903957	0.706563822000845	3.76888735703872	-0.00433093027632703	0
3	2_pairwise_numbers/drop31_french_entropy_nonweighted_Rcalc.txt	0	4.50750381124151	0.69981875918082	3.80768505206069	0.00241413254369793	1.09861228866811
2	2_pairwise_numbers/drop32_french_entropy_nonweighted_Rcalc.txt	0	4.53256879412116	0.691175902970885	3.84139289115027	0.0110569887536329	0.693147180559945
5	2_pairwise_numbers/drop33_french_entropy_nonweighted_Rcalc.txt	0	4.51700949242809	0.697969162094383	3.81904033033371	0.00426372963013499	1.6094379124341
4	2_pairwise_numbers/drop34_french_entropy_nonweighted_Rcalc.txt	0	4.52678631394416	0.697613696894533	3.82917261704962	0.00461919482998496	1.38629436111989
2	2_pairwise_numbers/drop35_french_entropy_nonweighted_Rcalc.txt	0	4.52884995769303	0.700685598220843	3.82816435947219	0.001547293503675	0.693147180559945
1	2_pairwise_numbers/drop36_french_entropy_nonweighted_Rcalc.txt	0	4.49664208979561	0.69378353485723	3.80285855493838	0.00844935686728798	0
2	2_pairwise_numbers/drop37_french_entropy_nonweighted_Rcalc.txt	0	4.51700949242809	0.697969162094383	3.81904033033371	0.00426372963013499	0.693147180559945
1	2_pairwise_numbers/drop38_french_entropy_nonweighted_Rcalc.txt	0	4.50478830910216	0.695326265970795	3.80946204313136	0.00690662575372292	0
3	2_pairwise_numbers/drop39_french_entropy_nonweighted_Rcalc.txt	0	4.50197140769371	0.69799490941038	3.80397649828333	0.00423798231413797	1.09861228866811
4	2_pairwise_numbers/drop40_french_entropy_nonweighted_Rcalc.txt	0	4.46840892551844	0.712123495833313	3.75628542968513	-0.00989060410879505	1.38629436111989
1	2_pairwise_numbers/drop41_french_entropy_nonweighted_Rcalc.txt	0	4.47563756108639	0.705507511303649	3.77013004978274	-0.003274619579131	0
2	2_pairwise_numbers/drop42_french_entropy_nonweighted_Rcalc.txt	0	4.52584798559015	0.701177775378041	3.82467021021211	0.00105511634647693	0.693147180559945
2	2_pairwise_numbers/drop43_french_entropy_nonweighted_Rcalc.txt	0	4.4890236940018	0.695052263025218	3.79397143097659	0.00718062869929992	0.693147180559945
1	2_pairwise_numbers/drop44_french_entropy_nonweighted_Rcalc.txt	0	4.52584798559015	0.701177775378041	3.82467021021211	0.00105511634647693	0
52	2_pairwise_numbers/drop45_french_entropy_nonweighted_Rcalc.txt	0	4.48722635524188	0.697120686997	3.79010566824488	0.00511220472751794	3.95124371858143
11	2_pairwise_numbers/drop46_french_entropy_nonweighted_Rcalc.txt	0	4.48487365218871	0.699119848179787	3.78575380400893	0.00311304354473096	2.39789527279837
9	2_pairwise_numbers/drop47_french_entropy_nonweighted_Rcalc.txt	0	4.50750381124151	0.69981875918082	3.80768505206069	0.00241413254369793	2.19722457733622
15	2_pairwise_numbers/drop48_french_entropy_nonweighted_Rcalc.txt	0	4.49637043244174	0.690605813940666	3.80576461850107	0.011627077783852	2.70805020110221
17	2_pairwise_numbers/drop49_french_entropy_nonweighted_Rcalc.txt	0	4.50083082693908	0.709437461726282	3.7913933652128	-0.007204570001764	2.83321334405622
8	2_pairwise_numbers/drop50_french_entropy_nonweighted_Rcalc.txt	0	4.48392941848838	0.702321079220722	3.78160833926765	-8.81874962039841e-05	2.07944154167984
3	2_pairwise_numbers/drop51_french_entropy_nonweighted_Rcalc.txt	0	4.50083082693908	0.709437461726282	3.7913933652128	-0.007204570001764	1.09861228866811
2	2_pairwise_numbers/drop52_french_entropy_nonweighted_Rcalc.txt	0	4.48140617037815	0.700490267707578	3.78091590267057	0.00174262401693992	0.693147180559945
11	2_pairwise_numbers/drop53_french_entropy_nonweighted_Rcalc.txt	0	4.49075288848843	0.692865403646728	3.7978874848417	0.00936748807778998	2.39789527279837
4	2_pairwise_numbers/drop54_french_entropy_nonweighted_Rcalc.txt	0	4.49780510701702	0.690231872822882	3.80757323419414	0.012001018901636	1.38629436111989
11	2_pairwise_numbers/drop55_french_entropy_nonweighted_Rcalc.txt	0	4.51877302075703	0.700060819735133	3.8187122010219	0.00217207198938496	2.39789527279837
2	2_pairwise_numbers/drop56_french_entropy_nonweighted_Rcalc.txt	0	4.50919992700872	0.696854230863505	3.81234569614521	0.00537866086101302	0.693147180559945
1	2_pairwise_numbers/drop57_french_entropy_nonweighted_Rcalc.txt	0	4.51877302075703	0.700060819735133	3.8187122010219	0.00217207198938496	0
4	2_pairwise_numbers/drop58_french_entropy_nonweighted_Rcalc.txt	0	4.49338352410299	0.694133294793605	3.79925022930939	0.008099596930913	1.38629436111989
2	2_pairwise_numbers/drop59_french_entropy_nonweighted_Rcalc.txt	0	4.52884995769303	0.700685598220843	3.82816435947219	0.001547293503675	0.693147180559945
2	2_pairwise_numbers/drop60_french_entropy_nonweighted_Rcalc.txt	0	4.50526434480953	0.691114563072199	3.81414978173733	0.011118328652319	0.693147180559945
2	2_pairwise_numbers/drop61_french_entropy_nonweighted_Rcalc.txt	0	4.53612288123977	0.696553858546768	3.839569022693	0.00567903317774998	0.693147180559945
3	2_pairwise_numbers/drop62_french_entropy_nonweighted_Rcalc.txt	0	4.53383759074833	0.696190124761441	3.83764746598689	0.00604276696307693	1.09861228866811
3	2_pairwise_numbers/drop63_french_entropy_nonweighted_Rcalc.txt	0	4.51220570382429	0.693350253346931	3.81885545047736	0.00888263837758696	1.09861228866811
3	2_pairwise_numbers/drop64_french_entropy_nonweighted_Rcalc.txt	0	4.48722635524188	0.697120686997	3.79010566824488	0.00511220472751794	1.09861228866811
3	2_pairwise_numbers/drop65_french_entropy_nonweighted_Rcalc.txt	0	4.50750381124151	0.69981875918082	3.80768505206069	0.00241413254369793	1.09861228866811
3	2_pairwise_numbers/drop66_french_entropy_nonweighted_Rcalc.txt	0	4.47526479699274	0.705989295040516	3.76927550195223	-0.00375640331599802	1.09861228866811
4	2_pairwise_numbers/drop67_french_entropy_nonweighted_Rcalc.txt	0	4.49718690944056	0.689343891540635	3.80784301789992	0.0128890001838829	1.38629436111989
7	2_pairwise_numbers/drop68_french_entropy_nonweighted_Rcalc.txt	0	4.52150658344336	0.696160393583546	3.82534618985981	0.00607249814097199	1.94591014905531
2	2_pairwise_numbers/drop69_french_entropy_nonweighted_Rcalc.txt	0	4.49861486272885	0.690812512280783	3.80780235044806	0.011420379443735	0.693147180559945
11	2_pairwise_numbers/drop70_french_entropy_nonweighted_Rcalc.txt	0	4.52067160537513	0.689981360014754	3.83069024536037	0.012251531709764	2.39789527279837
5	2_pairwise_numbers/drop71_french_entropy_nonweighted_Rcalc.txt	0	4.52538670668584	0.698459841323253	3.82692686536259	0.00377305040126497	1.6094379124341
24	2_pairwise_numbers/drop72_french_entropy_nonweighted_Rcalc.txt	0	4.52237021450263	0.698312790716983	3.82405742378565	0.00392010100753493	3.17805383034795
